1,-78.6961099,35.7272789,0.005,12.587,2022-01-26 18:46:21.597515,6,10
2,-78.6961099,35.7272789,0.005,12.587,2022-01-26 18:46:22.598346,6,10
3,-78.6961098,35.7272789,0.005,12.587,2022-01-26 18:46:23.599390,6,10
4,-78.6961098,35.7272788,0.004,12.587,2022-01-26 18:46:24.600367,6,10
5,-78.6961097,35.7272788,0.004,12.587,2022-01-26 18:46:25.600991,6,10
6,-78.6961097,35.7272788,0.004,12.587,2022-01-26 18:46:26.601906,6,10
7,-78.6961097,35.7272788,0.004,12.587,2022-01-26 18:46:27.602609,6,10
8,-78.6961097,35.7272788,0.004,12.587,2022-01-26 18:46:28.603822,6,10
9,-78.6961098,35.7272788,0.003,12.489,2022-01-26 18:46:29.604676,6,10
10,-78.6961098,35.7272788,0.07,12.143,2022-01-26 18:46:30.605516,6,10
11,-78.6961099,35.7272789,1.307,12.143,2022-01-26 18:46:31.606737,6,10
12,-78.6961101,35.7272791,3.257,12.193,2022-01-26 18:46:32.607338,6,10
13,-78.6961101,35.7272791,5.45,12.193,2022-01-26 18:46:33.609061,6,10
14,-78.69611,35.727279,7.746,12.193,2022-01-26 18:46:34.610897,6,10
15,-78.69611,35.727279,10.118,12.193,2022-01-26 18:46:35.612006,6,10
16,-78.6961101,35.7272791,12.523,12.193,2022-01-26 18:46:36.612555,6,10
17,-78.6961101,35.7272791,14.966,12.193,2022-01-26 18:46:37.613202,6,10
18,-78.6961101,35.7272791,17.417,12.193,2022-01-26 18:46:38.614210,6,10
19,-78.6961101,35.7272791,19.887,12.193,2022-01-26 18:46:39.614532,6,10
20,-78.6961101,35.7272791,22.366,12.193,2022-01-26 18:46:40.615655,6,10
21,-78.6961101,35.7272791,24.85,12.193,2022-01-26 18:46:41.616018,6,10
22,-78.6961101,35.7272791,27.265,12.193,2022-01-26 18:46:42.618289,6,10
23,-78.6961102,35.7272792,29.003,12.242,2022-01-26 18:46:43.619745,6,10
24,-78.6961102,35.7272792,29.674,12.242,2022-01-26 18:46:44.621225,6,10
25,-78.6961102,35.7272792,29.856,12.242,2022-01-26 18:46:45.621894,6,10
26,-78.6961102,35.7272792,29.924,12.242,2022-01-26 18:46:46.622303,6,10
27,-78.6961102,35.7272792,29.952,12.242,2022-01-26 18:46:47.623636,6,10
28,-78.6961102,35.7272792,29.964,12.242,2022-01-26 18:46:48.624363,6,10
29,-78.6961103,35.7272792,29.968,12.242,2022-01-26 18:46:49.625584,6,10
30,-78.6961104,35.7272792,29.975,12.242,2022-01-26 18:46:50.626839,6,10
31,-78.6961104,35.7272792,29.983,12.242,2022-01-26 18:46:51.627420,6,10
32,-78.6961138,35.7272789,29.987,12.242,2022-01-26 18:46:52.629381,6,10
33,-78.6961256,35.727278,29.988,12.242,2022-01-26 18:46:53.630185,6,10
34,-78.6961462,35.7272764,29.989,12.242,2022-01-26 18:46:54.630807,6,10
35,-78.6961766,35.7272741,29.99,12.242,2022-01-26 18:46:55.631466,6,10
36,-78.6962148,35.7272711,29.989,12.193,2022-01-26 18:46:56.631993,6,10
37,-78.696258,35.7272679,29.988,12.193,2022-01-26 18:46:57.633063,6,10
38,-78.6963047,35.7272644,29.989,12.193,2022-01-26 18:46:58.634062,6,10
39,-78.6963536,35.7272609,29.988,12.193,2022-01-26 18:46:59.634845,6,10
40,-78.6964038,35.7272574,29.991,12.193,2022-01-26 18:47:00.635712,6,10
41,-78.6964525,35.727254,29.996,12.242,2022-01-26 18:47:01.636311,6,10
42,-78.6964956,35.727251,29.999,12.242,2022-01-26 18:47:02.637485,6,10
43,-78.6965276,35.7272489,29.999,12.242,2022-01-26 18:47:03.638287,6,10
44,-78.6965448,35.7272479,29.997,12.242,2022-01-26 18:47:04.639677,6,10
45,-78.6965482,35.7272478,29.997,12.242,2022-01-26 18:47:05.640023,6,10
46,-78.6965463,35.7272479,29.997,12.242,2022-01-26 18:47:06.640461,6,10
47,-78.6965445,35.7272479,29.996,12.242,2022-01-26 18:47:07.641362,6,10
48,-78.6965439,35.7272477,30.001,12.242,2022-01-26 18:47:08.642241,6,10
49,-78.6965438,35.7272475,29.997,12.242,2022-01-26 18:47:09.642810,6,10
50,-78.6965399,35.7272445,29.998,12.242,2022-01-26 18:47:10.644073,6,10
51,-78.6965296,35.727237,29.997,12.242,2022-01-26 18:47:11.645252,6,10
52,-78.6965124,35.7272244,29.992,12.242,2022-01-26 18:47:12.645679,6,10
53,-78.6964879,35.7272065,29.991,12.193,2022-01-26 18:47:13.646733,6,10
54,-78.6964582,35.727185,29.992,12.193,2022-01-26 18:47:14.647495,6,10
55,-78.6964251,35.7271608,29.993,12.193,2022-01-26 18:47:15.648461,6,10
56,-78.6963898,35.7271351,29.994,12.193,2022-01-26 18:47:16.648980,6,10
57,-78.6963529,35.7271081,29.994,12.193,2022-01-26 18:47:17.649646,6,10
58,-78.6963152,35.7270803,29.994,12.193,2022-01-26 18:47:18.650152,6,10
59,-78.6962766,35.7270519,29.997,12.193,2022-01-26 18:47:19.650377,6,10
60,-78.6962377,35.7270232,29.997,12.193,2022-01-26 18:47:20.650880,6,10
61,-78.6961983,35.7269941,29.998,12.193,2022-01-26 18:47:21.652101,6,10
62,-78.6961587,35.7269647,29.997,12.193,2022-01-26 18:47:22.652843,6,10
63,-78.6961186,35.7269352,29.997,12.193,2022-01-26 18:47:23.653350,6,10
64,-78.6960788,35.7269056,29.997,12.193,2022-01-26 18:47:24.655130,6,10
65,-78.6960404,35.7268772,30.0,12.242,2022-01-26 18:47:25.655692,6,10
66,-78.696007,35.7268524,30.002,12.242,2022-01-26 18:47:26.656833,6,10
67,-78.6959819,35.7268335,30.003,12.242,2022-01-26 18:47:27.657954,6,10
68,-78.695968,35.7268227,30.002,12.242,2022-01-26 18:47:28.659189,6,10
69,-78.6959649,35.72682,30.001,12.242,2022-01-26 18:47:29.660042,6,10
70,-78.695966,35.7268209,29.998,12.242,2022-01-26 18:47:30.660677,6,10
71,-78.6959673,35.7268222,29.994,12.242,2022-01-26 18:47:31.661058,6,10
72,-78.6959677,35.7268228,29.998,12.242,2022-01-26 18:47:32.661904,6,10
73,-78.6959667,35.7268231,30.002,12.242,2022-01-26 18:47:33.663253,6,10
74,-78.6959591,35.7268248,29.998,12.242,2022-01-26 18:47:34.664130,6,10
75,-78.6959436,35.7268286,29.995,12.242,2022-01-26 18:47:35.665090,6,10
76,-78.6959189,35.7268346,29.99,12.193,2022-01-26 18:47:36.666011,6,10
77,-78.6958856,35.7268428,29.988,12.193,2022-01-26 18:47:37.667184,6,10
78,-78.6958462,35.7268524,29.987,12.193,2022-01-26 18:47:38.668064,6,10
79,-78.6958028,35.7268629,29.991,12.193,2022-01-26 18:47:39.668564,6,10
80,-78.6957568,35.726874,29.992,12.193,2022-01-26 18:47:40.669653,6,10
81,-78.6957091,35.7268855,29.994,12.193,2022-01-26 18:47:41.670045,6,10
82,-78.6956601,35.7268973,29.997,12.193,2022-01-26 18:47:42.671254,6,10
83,-78.6956103,35.7269092,29.998,12.193,2022-01-26 18:47:43.671802,6,10
84,-78.6955597,35.7269213,29.998,12.193,2022-01-26 18:47:44.672734,6,10
85,-78.6955086,35.7269335,30.0,12.193,2022-01-26 18:47:45.673269,6,10
86,-78.695457,35.7269458,29.999,12.193,2022-01-26 18:47:46.674148,6,10
87,-78.6954052,35.7269582,29.998,12.193,2022-01-26 18:47:47.675862,6,10
88,-78.695353,35.7269706,29.998,12.193,2022-01-26 18:47:48.676926,6,10
89,-78.6953008,35.726983,30.0,12.193,2022-01-26 18:47:49.677809,6,10
90,-78.6952483,35.7269956,30.001,12.193,2022-01-26 18:47:50.679683,6,10
91,-78.6951979,35.7270077,30.005,12.242,2022-01-26 18:47:51.680045,6,10
92,-78.6951532,35.7270182,30.006,12.242,2022-01-26 18:47:52.681133,6,10
93,-78.695119,35.7270261,30.006,12.242,2022-01-26 18:47:53.682347,6,10
94,-78.6950987,35.7270306,30.004,12.242,2022-01-26 18:47:54.683695,6,10
95,-78.6950933,35.7270316,30.004,12.242,2022-01-26 18:47:55.684441,6,10
96,-78.6950947,35.7270312,30.0,12.242,2022-01-26 18:47:56.684969,6,10
97,-78.6950968,35.7270309,29.995,12.242,2022-01-26 18:47:57.686147,6,10
98,-78.6950977,35.7270309,29.996,12.242,2022-01-26 18:47:58.687473,6,10
99,-78.6950967,35.7270281,29.997,12.242,2022-01-26 18:47:59.689626,6,10
100,-78.6950935,35.7270182,29.998,12.242,2022-01-26 18:48:00.690162,6,10
101,-78.6950875,35.7270007,29.994,12.242,2022-01-26 18:48:01.690618,6,10
102,-78.6950794,35.7269754,29.991,12.193,2022-01-26 18:48:02.690910,6,10
103,-78.6950696,35.7269441,29.991,12.193,2022-01-26 18:48:03.691714,6,10
104,-78.6950588,35.7269091,29.989,12.193,2022-01-26 18:48:04.692070,6,10
105,-78.6950472,35.7268715,29.988,12.193,2022-01-26 18:48:05.692973,6,10
106,-78.6950354,35.7268324,29.99,12.193,2022-01-26 18:48:06.694636,6,10
107,-78.6950231,35.726792,29.993,12.193,2022-01-26 18:48:07.695067,6,10
108,-78.6950107,35.726751,29.993,12.193,2022-01-26 18:48:08.696034,6,10
109,-78.694998,35.7267092,29.994,12.193,2022-01-26 18:48:09.696879,6,10
110,-78.6949852,35.7266672,29.995,12.193,2022-01-26 18:48:10.697414,6,10
111,-78.6949723,35.7266246,29.997,12.193,2022-01-26 18:48:11.697930,6,10
112,-78.6949594,35.726582,29.996,12.193,2022-01-26 18:48:12.698310,6,10
113,-78.6949463,35.726539,29.996,12.193,2022-01-26 18:48:13.699340,6,10
114,-78.6949332,35.7264961,29.997,12.193,2022-01-26 18:48:14.699893,6,10
115,-78.6949199,35.7264529,29.996,12.193,2022-01-26 18:48:15.700581,6,10
116,-78.6949067,35.7264097,29.995,12.193,2022-01-26 18:48:16.701402,6,10
117,-78.6948934,35.7263663,29.995,12.193,2022-01-26 18:48:17.703055,6,10
118,-78.6948802,35.726323,29.994,12.193,2022-01-26 18:48:18.703983,6,10
119,-78.6948669,35.7262795,29.995,12.193,2022-01-26 18:48:19.704399,6,10
120,-78.6948536,35.726236,29.994,12.193,2022-01-26 18:48:20.704842,6,10
121,-78.6948404,35.7261925,29.994,12.193,2022-01-26 18:48:21.705865,6,10
122,-78.6948272,35.7261489,29.994,12.193,2022-01-26 18:48:22.707634,6,10
123,-78.6948139,35.7261054,29.994,12.193,2022-01-26 18:48:23.708103,6,10
124,-78.6948006,35.7260617,29.994,12.193,2022-01-26 18:48:24.708413,6,10
125,-78.6947873,35.7260182,29.994,12.193,2022-01-26 18:48:25.708710,6,10
126,-78.694774,35.7259745,29.994,12.193,2022-01-26 18:48:26.709883,6,10
127,-78.6947607,35.725931,29.992,12.193,2022-01-26 18:48:27.711535,6,10
128,-78.6947473,35.7258873,29.991,12.193,2022-01-26 18:48:28.712327,6,10
129,-78.694734,35.7258437,29.99,12.193,2022-01-26 18:48:29.713094,6,10
130,-78.6947207,35.7258001,29.988,12.193,2022-01-26 18:48:30.714359,6,10
131,-78.6947074,35.7257565,29.991,12.193,2022-01-26 18:48:31.715125,6,10
132,-78.694694,35.7257129,29.993,12.193,2022-01-26 18:48:32.715312,6,10
133,-78.6946808,35.7256693,29.991,12.193,2022-01-26 18:48:33.715902,6,10
134,-78.6946674,35.7256256,29.991,12.193,2022-01-26 18:48:34.716746,6,10
135,-78.6946541,35.7255821,29.992,12.193,2022-01-26 18:48:35.717643,6,10
136,-78.6946407,35.7255384,29.991,12.193,2022-01-26 18:48:36.718179,6,10
137,-78.6946275,35.7254949,29.992,12.193,2022-01-26 18:48:37.719260,6,10
138,-78.6946142,35.7254514,29.996,12.193,2022-01-26 18:48:38.719663,6,10
139,-78.6946017,35.72541,30.0,12.242,2022-01-26 18:48:39.720839,6,10
140,-78.6945909,35.7253737,30.003,12.242,2022-01-26 18:48:40.721182,6,10
141,-78.6945831,35.7253464,30.003,12.242,2022-01-26 18:48:41.722364,6,10
142,-78.6945789,35.7253309,30.003,12.242,2022-01-26 18:48:42.723775,6,10
143,-78.6945781,35.7253273,30.005,12.242,2022-01-26 18:48:43.725125,6,10
144,-78.6945784,35.7253287,30.004,12.242,2022-01-26 18:48:44.725755,6,10
145,-78.6945785,35.7253304,29.998,12.242,2022-01-26 18:48:45.727510,6,10
146,-78.6945784,35.7253311,30.004,12.242,2022-01-26 18:48:46.728069,6,10
147,-78.6945793,35.7253311,30.001,12.242,2022-01-26 18:48:47.729115,6,10
148,-78.6945877,35.7253311,30.003,12.242,2022-01-26 18:48:48.729627,6,10
149,-78.6946057,35.7253311,30.0,12.242,2022-01-26 18:48:49.731781,6,10
150,-78.6946339,35.7253315,29.999,12.193,2022-01-26 18:48:50.732176,6,10
151,-78.6946709,35.7253322,29.999,12.193,2022-01-26 18:48:51.732727,6,10
152,-78.6947138,35.7253332,29.997,12.193,2022-01-26 18:48:52.734208,6,10
153,-78.6947607,35.7253344,29.995,12.193,2022-01-26 18:48:53.734573,6,10
154,-78.6948099,35.7253357,29.997,12.193,2022-01-26 18:48:54.735057,6,10
155,-78.6948608,35.7253372,29.998,12.193,2022-01-26 18:48:55.735922,6,10
156,-78.6949127,35.7253386,29.999,12.193,2022-01-26 18:48:56.736881,6,10
157,-78.6949656,35.7253402,30.001,12.193,2022-01-26 18:48:57.737959,6,10
158,-78.6950188,35.7253417,30.0,12.193,2022-01-26 18:48:58.738773,6,10
159,-78.6950727,35.7253432,30.0,12.193,2022-01-26 18:48:59.739340,6,10
160,-78.6951268,35.7253447,30.0,12.193,2022-01-26 18:49:00.740293,6,10
161,-78.6951813,35.7253462,30.001,12.193,2022-01-26 18:49:01.741317,6,10
162,-78.6952358,35.7253477,30.0,12.193,2022-01-26 18:49:02.743442,6,10
163,-78.6952906,35.7253492,30.0,12.193,2022-01-26 18:49:03.744500,6,10
164,-78.6953454,35.7253507,29.998,12.193,2022-01-26 18:49:04.745718,6,10
165,-78.6954006,35.7253522,29.997,12.193,2022-01-26 18:49:05.746153,6,10
166,-78.6954556,35.7253537,29.997,12.193,2022-01-26 18:49:06.746862,6,10
167,-78.6955108,35.7253552,29.995,12.193,2022-01-26 18:49:07.748029,6,10
168,-78.6955658,35.7253566,29.995,12.193,2022-01-26 18:49:08.748624,6,10
169,-78.6956209,35.7253581,29.994,12.193,2022-01-26 18:49:09.748985,6,10
170,-78.6956762,35.7253597,29.994,12.193,2022-01-26 18:49:10.749855,6,10
171,-78.6957314,35.7253612,29.992,12.193,2022-01-26 18:49:11.750155,6,10
172,-78.6957867,35.7253627,29.993,12.193,2022-01-26 18:49:12.750752,6,10
173,-78.6958421,35.7253643,29.995,12.193,2022-01-26 18:49:13.751704,6,10
174,-78.6958975,35.7253658,29.995,12.193,2022-01-26 18:49:14.752923,6,10
175,-78.6959527,35.7253673,29.994,12.193,2022-01-26 18:49:15.753984,6,10
176,-78.6960082,35.7253688,29.994,12.193,2022-01-26 18:49:16.754422,6,10
177,-78.6960634,35.7253703,29.995,12.193,2022-01-26 18:49:17.755999,6,10
178,-78.6961187,35.7253718,29.995,12.193,2022-01-26 18:49:18.757145,6,10
179,-78.696174,35.7253734,29.995,12.193,2022-01-26 18:49:19.757696,6,10
180,-78.6962294,35.7253749,29.996,12.193,2022-01-26 18:49:20.759005,6,10
181,-78.6962847,35.7253764,29.997,12.193,2022-01-26 18:49:21.759303,6,10
182,-78.6963401,35.7253778,29.997,12.193,2022-01-26 18:49:22.760077,6,10
183,-78.6963953,35.7253793,29.999,12.193,2022-01-26 18:49:23.760672,6,10
184,-78.6964507,35.7253809,29.998,12.193,2022-01-26 18:49:24.761634,6,10
185,-78.696506,35.7253825,30.0,12.193,2022-01-26 18:49:25.762149,6,10
186,-78.6965614,35.725384,30.002,12.193,2022-01-26 18:49:26.763360,6,10
187,-78.6966166,35.7253856,30.001,12.193,2022-01-26 18:49:27.763829,6,10
188,-78.696672,35.7253871,30.001,12.193,2022-01-26 18:49:28.764355,6,10
189,-78.6967273,35.7253886,30.002,12.193,2022-01-26 18:49:29.764560,6,10
190,-78.6967827,35.7253901,30.002,12.193,2022-01-26 18:49:30.765277,6,10
191,-78.696838,35.7253916,30.002,12.193,2022-01-26 18:49:31.765955,6,10
192,-78.6968935,35.7253931,30.001,12.193,2022-01-26 18:49:32.767031,6,10
193,-78.6969487,35.7253946,29.998,12.193,2022-01-26 18:49:33.768127,6,10
194,-78.6970041,35.7253961,29.997,12.193,2022-01-26 18:49:34.768758,6,10
195,-78.6970594,35.7253976,29.996,12.193,2022-01-26 18:49:35.769630,6,10
196,-78.6971147,35.7253992,29.997,12.193,2022-01-26 18:49:36.770891,6,10
197,-78.69717,35.7254007,29.996,12.193,2022-01-26 18:49:37.771903,6,10
198,-78.6972254,35.7254023,29.995,12.193,2022-01-26 18:49:38.773039,6,10
199,-78.6972808,35.7254038,29.997,12.193,2022-01-26 18:49:39.773528,6,10
200,-78.6973361,35.7254053,29.999,12.193,2022-01-26 18:49:40.774501,6,10
201,-78.6973915,35.7254068,29.999,12.193,2022-01-26 18:49:41.774968,6,10
202,-78.6974468,35.7254083,30.0,12.193,2022-01-26 18:49:42.776203,6,10
203,-78.6975022,35.7254098,30.001,12.193,2022-01-26 18:49:43.777215,6,10
204,-78.6975574,35.7254113,30.001,12.193,2022-01-26 18:49:44.777768,6,10
205,-78.6976128,35.7254128,30.0,12.193,2022-01-26 18:49:45.778140,6,10
206,-78.6976681,35.7254143,29.998,12.193,2022-01-26 18:49:46.778413,6,10
207,-78.6977235,35.7254158,29.997,12.193,2022-01-26 18:49:47.779129,6,10
208,-78.6977787,35.7254173,29.995,12.193,2022-01-26 18:49:48.779566,6,10
209,-78.6978342,35.7254189,29.995,12.193,2022-01-26 18:49:49.780156,6,10
210,-78.6978894,35.7254205,29.995,12.193,2022-01-26 18:49:50.780870,6,10
211,-78.6979449,35.725422,29.996,12.193,2022-01-26 18:49:51.782085,6,10
212,-78.6980001,35.7254236,29.998,12.193,2022-01-26 18:49:52.782810,6,10
213,-78.6980545,35.7254251,30.0,12.193,2022-01-26 18:49:53.783842,6,10
214,-78.6981042,35.7254266,30.004,12.242,2022-01-26 18:49:54.784293,6,10
215,-78.6981448,35.7254282,30.01,12.242,2022-01-26 18:49:55.785371,6,10
216,-78.6981715,35.7254297,30.013,12.242,2022-01-26 18:49:56.786833,6,10
217,-78.6981812,35.7254308,30.017,12.242,2022-01-26 18:49:57.788065,6,10
218,-78.698181,35.7254311,30.019,12.242,2022-01-26 18:49:58.789377,6,10
219,-78.6981788,35.7254306,30.014,12.242,2022-01-26 18:49:59.790733,6,10
220,-78.6981818,35.7254299,30.01,12.242,2022-01-26 18:50:00.791311,6,10
221,-78.6981933,35.7254296,30.002,12.242,2022-01-26 18:50:01.792549,6,10
222,-78.6982133,35.7254297,29.995,12.242,2022-01-26 18:50:02.793438,6,10
223,-78.6982433,35.7254304,29.989,12.193,2022-01-26 18:50:03.794158,6,10
224,-78.6982813,35.7254316,29.985,12.193,2022-01-26 18:50:04.795762,6,10
225,-78.6983247,35.7254333,29.984,12.193,2022-01-26 18:50:05.796189,6,10
226,-78.6983716,35.7254354,29.984,12.193,2022-01-26 18:50:06.797225,6,10
227,-78.6984206,35.7254378,29.987,12.193,2022-01-26 18:50:07.798049,6,10
228,-78.6984712,35.7254405,29.991,12.193,2022-01-26 18:50:08.798440,6,10
229,-78.6985227,35.7254432,29.993,12.193,2022-01-26 18:50:09.798753,6,10
230,-78.6985752,35.7254458,29.995,12.193,2022-01-26 18:50:10.799770,6,10
231,-78.6986282,35.7254484,29.997,12.193,2022-01-26 18:50:11.801032,6,10
232,-78.6986818,35.7254509,29.999,12.193,2022-01-26 18:50:12.802132,6,10
233,-78.6987356,35.7254534,30.001,12.193,2022-01-26 18:50:13.803242,6,10
234,-78.6987899,35.7254558,30.001,12.193,2022-01-26 18:50:14.804404,6,10
235,-78.6988443,35.7254583,30.003,12.193,2022-01-26 18:50:15.805058,6,10
236,-78.6988991,35.7254606,30.005,12.193,2022-01-26 18:50:16.805427,6,10
237,-78.6989538,35.725463,30.004,12.193,2022-01-26 18:50:17.806309,6,10
238,-78.6990089,35.7254653,30.003,12.193,2022-01-26 18:50:18.806810,6,10
239,-78.6990638,35.7254677,30.003,12.193,2022-01-26 18:50:19.807222,6,10
240,-78.699119,35.7254702,30.003,12.193,2022-01-26 18:50:20.809402,6,10
241,-78.6991741,35.7254726,30.002,12.193,2022-01-26 18:50:21.810212,6,10
242,-78.6992294,35.7254751,30.002,12.193,2022-01-26 18:50:22.811175,6,10
243,-78.6992844,35.7254776,30.002,12.193,2022-01-26 18:50:23.812261,6,10
244,-78.6993397,35.7254801,30.002,12.193,2022-01-26 18:50:24.812689,6,10
245,-78.6993948,35.7254825,30.001,12.193,2022-01-26 18:50:25.813280,6,10
246,-78.69945,35.7254849,30.001,12.193,2022-01-26 18:50:26.814190,6,10
247,-78.6995051,35.7254874,29.999,12.193,2022-01-26 18:50:27.814691,6,10
248,-78.6995604,35.7254898,29.998,12.193,2022-01-26 18:50:28.815333,6,10
249,-78.6996158,35.7254923,29.996,12.193,2022-01-26 18:50:29.816531,6,10
250,-78.699671,35.7254948,29.994,12.193,2022-01-26 18:50:30.817335,6,10
251,-78.6997265,35.7254972,29.995,12.193,2022-01-26 18:50:31.817911,6,10
252,-78.6997816,35.7254997,29.998,12.193,2022-01-26 18:50:32.819084,6,10
253,-78.699837,35.7255021,29.998,12.193,2022-01-26 18:50:33.819834,6,10
254,-78.6998922,35.7255046,29.996,12.193,2022-01-26 18:50:34.820725,6,10
255,-78.6999476,35.725507,29.999,12.193,2022-01-26 18:50:35.821994,6,10
256,-78.7000028,35.7255095,29.999,12.193,2022-01-26 18:50:36.822890,6,10
257,-78.7000582,35.725512,29.998,12.193,2022-01-26 18:50:37.823459,6,10
258,-78.7001134,35.7255144,29.999,12.193,2022-01-26 18:50:38.824444,6,10
259,-78.7001688,35.7255169,29.998,12.193,2022-01-26 18:50:39.824824,6,10
260,-78.700224,35.7255193,29.998,12.193,2022-01-26 18:50:40.825456,6,10
261,-78.7002793,35.7255218,29.999,12.193,2022-01-26 18:50:41.826410,6,10
262,-78.7003345,35.7255242,30.001,12.193,2022-01-26 18:50:42.826867,6,10
263,-78.7003897,35.7255267,30.002,12.193,2022-01-26 18:50:43.827491,6,10
264,-78.7004428,35.7255291,30.005,12.242,2022-01-26 18:50:44.828012,6,10
265,-78.7004898,35.7255315,30.009,12.242,2022-01-26 18:50:45.828859,6,10
266,-78.7005255,35.7255339,30.011,12.242,2022-01-26 18:50:46.829193,6,10
267,-78.7005456,35.7255359,30.015,12.242,2022-01-26 18:50:47.831664,6,10
268,-78.7005501,35.7255367,30.019,12.242,2022-01-26 18:50:48.832526,6,10
269,-78.7005483,35.7255367,30.019,12.242,2022-01-26 18:50:49.833833,6,10
270,-78.7005462,35.7255359,30.014,12.242,2022-01-26 18:50:50.835100,6,10
271,-78.7005454,35.725535,30.016,12.242,2022-01-26 18:50:51.835676,6,10
272,-78.7005454,35.7255354,30.01,12.242,2022-01-26 18:50:52.836389,6,10
273,-78.7005446,35.7255422,30.009,12.242,2022-01-26 18:50:53.837437,6,10
274,-78.700543,35.7255571,30.008,12.242,2022-01-26 18:50:54.839658,6,10
275,-78.7005398,35.7255805,30.005,12.193,2022-01-26 18:50:55.840725,6,10
276,-78.7005352,35.7256109,30.002,12.193,2022-01-26 18:50:56.841079,6,10
277,-78.7005294,35.7256459,29.998,12.193,2022-01-26 18:50:57.842978,6,10
278,-78.7005227,35.7256841,29.994,12.193,2022-01-26 18:50:58.843495,6,10
279,-78.7005155,35.7257241,29.994,12.193,2022-01-26 18:50:59.843818,6,10
280,-78.7005079,35.7257655,29.997,12.193,2022-01-26 18:51:00.844894,6,10
281,-78.7005003,35.7258076,29.998,12.193,2022-01-26 18:51:01.845927,6,10
282,-78.7004906,35.7258612,29.999,12.193,2022-01-26 18:51:02.848197,6,10
283,-78.7004849,35.7258935,30.0,12.193,2022-01-26 18:51:03.848532,6,10
284,-78.7004772,35.7259369,30.001,12.193,2022-01-26 18:51:04.849338,6,10
285,-78.7004696,35.7259805,30.002,12.193,2022-01-26 18:51:05.849963,6,10
286,-78.70046,35.7260353,30.001,12.193,2022-01-26 18:51:06.850682,6,10
287,-78.7004543,35.7260682,30.001,12.193,2022-01-26 18:51:07.850913,6,10
288,-78.7004467,35.7261123,30.003,12.193,2022-01-26 18:51:08.852112,6,10
289,-78.7004392,35.7261563,30.001,12.193,2022-01-26 18:51:09.852648,6,10
290,-78.7004315,35.7262005,30.0,12.193,2022-01-26 18:51:10.854314,6,10
291,-78.7004238,35.7262446,30.0,12.193,2022-01-26 18:51:11.854729,6,10
292,-78.7004161,35.7262889,30.001,12.193,2022-01-26 18:51:12.855101,6,10
293,-78.7004085,35.726333,29.999,12.193,2022-01-26 18:51:13.855419,6,10
294,-78.7004008,35.7263774,29.998,12.193,2022-01-26 18:51:14.855752,6,10
295,-78.7003931,35.7264217,29.999,12.193,2022-01-26 18:51:15.856705,6,10
296,-78.7003854,35.7264661,30.001,12.193,2022-01-26 18:51:16.857311,6,10
297,-78.7003777,35.7265106,30.001,12.193,2022-01-26 18:51:17.857664,6,10
298,-78.70037,35.726555,30.001,12.193,2022-01-26 18:51:18.858662,6,10
299,-78.7003623,35.7265995,29.998,12.193,2022-01-26 18:51:19.859223,6,10
300,-78.7003545,35.7266438,30.001,12.193,2022-01-26 18:51:20.859831,6,10
301,-78.7003468,35.7266883,29.999,12.193,2022-01-26 18:51:21.861333,6,10
302,-78.7003391,35.7267326,30.0,12.193,2022-01-26 18:51:22.863247,6,10
303,-78.7003314,35.7267771,29.999,12.193,2022-01-26 18:51:23.864230,6,10
304,-78.7003237,35.7268214,29.999,12.193,2022-01-26 18:51:24.865531,6,10
305,-78.7003159,35.726866,30.001,12.193,2022-01-26 18:51:25.865887,6,10
306,-78.7003082,35.7269102,30.001,12.193,2022-01-26 18:51:26.866593,6,10
307,-78.7003003,35.7269547,30.0,12.193,2022-01-26 18:51:27.868262,6,10
308,-78.7002925,35.7269991,30.0,12.193,2022-01-26 18:51:28.869208,6,10
309,-78.7002847,35.7270436,30.002,12.193,2022-01-26 18:51:29.870477,6,10
310,-78.700277,35.7270879,30.001,12.193,2022-01-26 18:51:30.872236,6,10
311,-78.7002693,35.7271324,30.001,12.193,2022-01-26 18:51:31.872941,6,10
312,-78.7002616,35.7271767,30.001,12.193,2022-01-26 18:51:32.873291,6,10
313,-78.7002538,35.7272212,30.002,12.193,2022-01-26 18:51:33.873570,6,10
314,-78.7002461,35.7272655,30.003,12.193,2022-01-26 18:51:34.874136,6,10
315,-78.7002384,35.7273099,30.003,12.193,2022-01-26 18:51:35.875396,6,10
316,-78.7002307,35.7273542,30.003,12.193,2022-01-26 18:51:36.876691,6,10
317,-78.700223,35.7273987,30.003,12.193,2022-01-26 18:51:37.877813,6,10
318,-78.7002153,35.7274431,30.003,12.193,2022-01-26 18:51:38.879406,6,10
319,-78.7002075,35.7274876,30.003,12.193,2022-01-26 18:51:39.880271,6,10
320,-78.7001997,35.727532,30.002,12.193,2022-01-26 18:51:40.881040,6,10
321,-78.7001919,35.7275764,30.002,12.193,2022-01-26 18:51:41.882948,6,10
322,-78.7001841,35.7276208,30.002,12.193,2022-01-26 18:51:42.883453,6,10
323,-78.7001763,35.7276651,30.0,12.193,2022-01-26 18:51:43.884563,6,10
324,-78.7001686,35.7277095,30.0,12.193,2022-01-26 18:51:44.885686,6,10
325,-78.7001609,35.7277539,30.0,12.193,2022-01-26 18:51:45.886678,6,10
326,-78.7001532,35.7277984,30.0,12.193,2022-01-26 18:51:46.888469,6,10
327,-78.7001455,35.7278428,30.001,12.193,2022-01-26 18:51:47.889583,6,10
328,-78.7001378,35.7278873,29.998,12.193,2022-01-26 18:51:48.890565,6,10
329,-78.7001301,35.7279316,29.997,12.193,2022-01-26 18:51:49.891616,6,10
330,-78.7001224,35.7279761,29.997,12.193,2022-01-26 18:51:50.892203,6,10
331,-78.7001146,35.7280205,29.999,12.193,2022-01-26 18:51:51.893356,6,10
332,-78.7001068,35.728065,29.997,12.193,2022-01-26 18:51:52.894134,6,10
333,-78.7000991,35.7281094,29.998,12.193,2022-01-26 18:51:53.894991,6,10
334,-78.7000912,35.7281539,29.998,12.193,2022-01-26 18:51:54.895460,6,10
335,-78.7000836,35.7281982,30.0,12.193,2022-01-26 18:51:55.896194,6,10
336,-78.7000757,35.7282428,30.001,12.193,2022-01-26 18:51:56.896742,6,10
337,-78.700068,35.7282871,30.0,12.193,2022-01-26 18:51:57.897783,6,10
338,-78.7000603,35.7283316,29.999,12.193,2022-01-26 18:51:58.898838,6,10
339,-78.7000527,35.728376,29.997,12.193,2022-01-26 18:51:59.899592,6,10
340,-78.7000449,35.7284204,29.998,12.193,2022-01-26 18:52:00.900292,6,10
341,-78.7000372,35.7284647,29.998,12.193,2022-01-26 18:52:01.900783,6,10
342,-78.7000294,35.7285092,29.996,12.193,2022-01-26 18:52:02.901010,6,10
343,-78.7000218,35.7285535,29.995,12.193,2022-01-26 18:52:03.901519,6,10
344,-78.700014,35.728598,29.995,12.193,2022-01-26 18:52:04.902176,6,10
345,-78.7000063,35.7286424,29.994,12.193,2022-01-26 18:52:05.902759,6,10
346,-78.6999986,35.7286868,29.995,12.193,2022-01-26 18:52:06.903207,6,10
347,-78.6999909,35.7287313,29.994,12.193,2022-01-26 18:52:07.905183,6,10
348,-78.699983,35.7287757,29.996,12.193,2022-01-26 18:52:08.906155,6,10
349,-78.6999751,35.7288202,29.998,12.193,2022-01-26 18:52:09.906868,6,10
350,-78.6999673,35.7288646,29.998,12.193,2022-01-26 18:52:10.908170,6,10
351,-78.6999596,35.7289091,29.999,12.193,2022-01-26 18:52:11.909379,6,10
352,-78.6999519,35.7289535,30.001,12.193,2022-01-26 18:52:12.910892,6,10
353,-78.6999441,35.7289979,30.002,12.193,2022-01-26 18:52:13.912035,6,10
354,-78.6999364,35.7290423,30.002,12.193,2022-01-26 18:52:14.912573,6,10
355,-78.6999288,35.7290868,30.001,12.193,2022-01-26 18:52:15.913114,6,10
356,-78.6999211,35.7291311,30.002,12.193,2022-01-26 18:52:16.914099,6,10
357,-78.6999134,35.7291756,30.002,12.193,2022-01-26 18:52:17.915049,6,10
358,-78.6999056,35.72922,30.002,12.193,2022-01-26 18:52:18.916020,6,10
359,-78.6998979,35.7292645,30.001,12.193,2022-01-26 18:52:19.916963,6,10
360,-78.6998902,35.7293088,30.001,12.193,2022-01-26 18:52:20.918231,6,10
361,-78.6998824,35.7293533,30.001,12.193,2022-01-26 18:52:21.918829,6,10
362,-78.6998747,35.7293977,30.0,12.193,2022-01-26 18:52:22.919450,6,10
363,-78.6998649,35.7294533,30.001,12.193,2022-01-26 18:52:23.920781,6,10
364,-78.6998591,35.7294866,30.001,12.193,2022-01-26 18:52:24.922008,6,10
365,-78.6998493,35.7295422,30.001,12.193,2022-01-26 18:52:25.922451,6,10
366,-78.6998435,35.7295755,30.004,12.193,2022-01-26 18:52:26.923551,6,10
367,-78.6998338,35.7296312,30.008,12.193,2022-01-26 18:52:27.925140,6,10
368,-78.6998261,35.7296755,30.008,12.193,2022-01-26 18:52:28.926277,6,10
369,-78.6998203,35.7297089,30.007,12.193,2022-01-26 18:52:29.926637,6,10
370,-78.6998107,35.7297643,30.005,12.193,2022-01-26 18:52:30.927046,6,10
371,-78.6998049,35.7297976,30.006,12.193,2022-01-26 18:52:31.927682,6,10
372,-78.6997953,35.7298532,30.005,12.193,2022-01-26 18:52:32.928965,6,10
373,-78.6997895,35.7298865,30.004,12.193,2022-01-26 18:52:33.929607,6,10
374,-78.6997798,35.729942,30.003,12.193,2022-01-26 18:52:34.930231,6,10
375,-78.699774,35.7299754,30.003,12.193,2022-01-26 18:52:35.931006,6,10
376,-78.6997663,35.7300199,30.003,12.193,2022-01-26 18:52:36.931311,6,10
377,-78.6997585,35.7300642,30.005,12.193,2022-01-26 18:52:37.931782,6,10
378,-78.6997509,35.7301083,30.008,12.193,2022-01-26 18:52:38.932908,6,10
379,-78.6997438,35.7301493,30.011,12.242,2022-01-26 18:52:39.934847,6,10
380,-78.6997376,35.7301841,30.012,12.242,2022-01-26 18:52:40.935283,6,10
381,-78.699733,35.730209,30.007,12.242,2022-01-26 18:52:41.936035,6,10
382,-78.6997307,35.7302217,30.002,12.242,2022-01-26 18:52:42.937401,6,10
383,-78.6997303,35.7302237,30.0,12.242,2022-01-26 18:52:43.938718,6,10
384,-78.6997306,35.730222,29.998,12.242,2022-01-26 18:52:44.940002,6,10
385,-78.699731,35.7302206,29.994,12.242,2022-01-26 18:52:45.940943,6,10
386,-78.699731,35.7302201,29.997,12.242,2022-01-26 18:52:46.941908,6,10
387,-78.6997257,35.7302203,30.002,12.242,2022-01-26 18:52:47.943143,6,10
388,-78.6997116,35.7302206,30.002,12.242,2022-01-26 18:52:48.943507,6,10
389,-78.6996881,35.7302209,30.0,12.193,2022-01-26 18:52:49.944042,6,10
390,-78.6996549,35.7302213,30.001,12.193,2022-01-26 18:52:50.945227,6,10
391,-78.6996149,35.7302216,30.0,12.193,2022-01-26 18:52:51.946355,6,10
392,-78.6995703,35.7302219,29.998,12.193,2022-01-26 18:52:52.947396,6,10
393,-78.6995229,35.7302221,29.999,12.193,2022-01-26 18:52:53.947789,6,10
394,-78.6994734,35.7302224,30.0,12.193,2022-01-26 18:52:54.949677,6,10
395,-78.6994228,35.7302226,30.001,12.193,2022-01-26 18:52:55.950032,6,10
396,-78.6993711,35.7302229,30.001,12.193,2022-01-26 18:52:56.951023,6,10
397,-78.6993186,35.7302232,30.001,12.193,2022-01-26 18:52:57.952217,6,10
398,-78.6992656,35.7302235,30.002,12.193,2022-01-26 18:52:58.952690,6,10
399,-78.6992121,35.7302238,30.003,12.193,2022-01-26 18:52:59.953781,6,10
400,-78.6991582,35.7302241,30.002,12.193,2022-01-26 18:53:00.954879,6,10
401,-78.6991039,35.7302245,30.002,12.193,2022-01-26 18:53:01.956062,6,10
402,-78.6990496,35.7302248,30.0,12.193,2022-01-26 18:53:02.956780,6,10
403,-78.6989948,35.7302251,30.0,12.193,2022-01-26 18:53:03.957413,6,10
404,-78.6989401,35.7302255,30.001,12.193,2022-01-26 18:53:04.958336,6,10
405,-78.6988851,35.7302259,30.0,12.193,2022-01-26 18:53:05.958966,6,10
406,-78.6988303,35.7302262,29.999,12.193,2022-01-26 18:53:06.959760,6,10
407,-78.6987751,35.7302266,29.997,12.193,2022-01-26 18:53:07.961154,6,10
408,-78.6987201,35.7302269,29.998,12.193,2022-01-26 18:53:08.963271,6,10
409,-78.6986649,35.7302273,29.997,12.193,2022-01-26 18:53:09.964507,6,10
410,-78.6986099,35.7302276,29.999,12.193,2022-01-26 18:53:10.964787,6,10
411,-78.6985547,35.7302279,29.998,12.193,2022-01-26 18:53:11.965657,6,10
412,-78.6984997,35.7302283,29.997,12.193,2022-01-26 18:53:12.966595,6,10
413,-78.6984445,35.7302287,29.998,12.193,2022-01-26 18:53:13.967594,6,10
414,-78.6983895,35.7302292,29.998,12.193,2022-01-26 18:53:14.968666,6,10
415,-78.6983344,35.7302296,29.999,12.193,2022-01-26 18:53:15.970253,6,10
416,-78.6982795,35.73023,30.001,12.193,2022-01-26 18:53:16.971445,6,10
417,-78.6982244,35.7302303,30.001,12.193,2022-01-26 18:53:17.972075,6,10
418,-78.6981695,35.7302308,30.002,12.193,2022-01-26 18:53:18.974075,6,10
419,-78.6981006,35.7302313,30.001,12.193,2022-01-26 18:53:19.975230,6,10
420,-78.6980595,35.7302316,30.001,12.193,2022-01-26 18:53:20.976297,6,10
421,-78.6979906,35.730232,30.001,12.193,2022-01-26 18:53:21.978414,6,10
422,-78.6979357,35.7302323,30.0,12.193,2022-01-26 18:53:22.978753,6,10
423,-78.6978944,35.7302326,30.001,12.193,2022-01-26 18:53:23.980015,6,10
424,-78.6978257,35.730233,30.0,12.193,2022-01-26 18:53:24.980974,6,10
425,-78.6977706,35.7302333,30.001,12.193,2022-01-26 18:53:25.981509,6,10
426,-78.6977294,35.7302336,30.001,12.193,2022-01-26 18:53:26.982244,6,10
427,-78.6976607,35.7302341,29.997,12.193,2022-01-26 18:53:27.982808,6,10
428,-78.6976058,35.7302344,29.994,12.193,2022-01-26 18:53:28.983695,6,10
429,-78.6975509,35.7302348,29.994,12.193,2022-01-26 18:53:29.984750,6,10
430,-78.6974959,35.7302351,29.994,12.193,2022-01-26 18:53:30.985715,6,10
431,-78.697441,35.7302355,29.994,12.193,2022-01-26 18:53:31.986901,6,10
432,-78.697386,35.7302359,29.993,12.193,2022-01-26 18:53:32.987564,6,10
433,-78.6973311,35.7302362,29.992,12.193,2022-01-26 18:53:33.988610,6,10
434,-78.6972761,35.7302365,29.992,12.193,2022-01-26 18:53:34.989847,6,10
435,-78.6972212,35.7302369,29.991,12.193,2022-01-26 18:53:35.990654,6,10
436,-78.6971662,35.7302372,29.991,12.193,2022-01-26 18:53:36.991510,6,10
437,-78.6971114,35.7302376,29.995,12.193,2022-01-26 18:53:37.992123,6,10
438,-78.6970702,35.7302378,29.996,12.193,2022-01-26 18:53:38.993367,6,10
439,-78.6970046,35.7302383,29.999,12.242,2022-01-26 18:53:39.994518,6,10
440,-78.6969591,35.7302387,30.001,12.242,2022-01-26 18:53:40.995116,6,10
441,-78.6969248,35.7302393,29.998,12.242,2022-01-26 18:53:41.995596,6,10
442,-78.6969045,35.7302398,29.994,12.242,2022-01-26 18:53:42.996045,6,10
443,-78.6968991,35.7302401,29.989,12.242,2022-01-26 18:53:43.996416,6,10
444,-78.6969005,35.73024,29.987,12.242,2022-01-26 18:53:44.997200,6,10
445,-78.6969026,35.7302398,29.984,12.242,2022-01-26 18:53:45.997827,6,10
446,-78.6969035,35.7302395,29.99,12.242,2022-01-26 18:53:46.998562,6,10
447,-78.6969033,35.7302394,29.999,12.242,2022-01-26 18:53:48.000831,6,10
448,-78.6969026,35.7302379,30.002,12.242,2022-01-26 18:53:49.001885,6,10
449,-78.6969003,35.7302304,30.0,12.242,2022-01-26 18:53:50.002388,6,10
450,-78.6968964,35.7302161,29.999,12.242,2022-01-26 18:53:51.002917,6,10
451,-78.6968903,35.7301942,29.998,12.193,2022-01-26 18:53:52.003339,6,10
452,-78.6968824,35.7301656,30.0,12.193,2022-01-26 18:53:53.004546,6,10
453,-78.6968731,35.7301326,30.001,12.193,2022-01-26 18:53:54.005308,6,10
454,-78.6968628,35.7300966,29.999,12.193,2022-01-26 18:53:55.006736,6,10
455,-78.6968519,35.7300587,29.998,12.193,2022-01-26 18:53:56.008863,6,10
456,-78.6968404,35.7300194,29.998,12.193,2022-01-26 18:53:57.009534,6,10
457,-78.6968316,35.7299891,29.999,12.193,2022-01-26 18:53:58.010786,6,10
458,-78.6968168,35.7299381,29.999,12.193,2022-01-26 18:53:59.011568,6,10
459,-78.6968078,35.729907,29.998,12.193,2022-01-26 18:54:00.012416,6,10
460,-78.6967957,35.7298653,29.999,12.193,2022-01-26 18:54:01.014671,6,10
461,-78.6967836,35.7298231,30.0,12.193,2022-01-26 18:54:02.015583,6,10
462,-78.6967714,35.7297807,30.002,12.193,2022-01-26 18:54:03.016302,6,10
463,-78.6967592,35.7297378,30.004,12.193,2022-01-26 18:54:04.017324,6,10
464,-78.6967469,35.729695,30.005,12.193,2022-01-26 18:54:05.018487,6,10
465,-78.6967345,35.7296519,30.005,12.193,2022-01-26 18:54:06.019913,6,10
466,-78.6967222,35.7296089,30.007,12.193,2022-01-26 18:54:07.020516,6,10
467,-78.6967098,35.7295658,30.004,12.193,2022-01-26 18:54:08.021778,6,10
468,-78.6966944,35.729512,30.003,12.193,2022-01-26 18:54:09.022532,6,10
469,-78.6966851,35.7294796,30.001,12.193,2022-01-26 18:54:10.023382,6,10
470,-78.6966728,35.7294366,30.001,12.193,2022-01-26 18:54:11.024411,6,10
471,-78.6966605,35.7293935,30.002,12.193,2022-01-26 18:54:12.025292,6,10
472,-78.6966482,35.7293506,30.001,12.193,2022-01-26 18:54:13.026381,6,10
473,-78.6966358,35.7293076,30.0,12.193,2022-01-26 18:54:14.026950,6,10
474,-78.6966235,35.7292645,30.001,12.193,2022-01-26 18:54:15.027270,6,10
475,-78.6966111,35.7292215,30.0,12.193,2022-01-26 18:54:16.027705,6,10
476,-78.6965988,35.7291784,30.0,12.193,2022-01-26 18:54:17.028092,6,10
477,-78.6965865,35.7291354,30.0,12.193,2022-01-26 18:54:18.028578,6,10
478,-78.6965741,35.7290923,29.998,12.193,2022-01-26 18:54:19.029767,6,10
479,-78.6965618,35.7290494,30.002,12.193,2022-01-26 18:54:20.030756,6,10
480,-78.6965494,35.7290063,30.002,12.193,2022-01-26 18:54:21.032006,6,10
481,-78.6965372,35.7289635,30.002,12.193,2022-01-26 18:54:22.032883,6,10
482,-78.6965248,35.7289204,30.004,12.193,2022-01-26 18:54:23.033335,6,10
483,-78.6965125,35.7288776,30.003,12.193,2022-01-26 18:54:24.034207,6,10
484,-78.6965001,35.7288346,30.004,12.193,2022-01-26 18:54:25.034759,6,10
485,-78.6964879,35.7287917,30.004,12.193,2022-01-26 18:54:26.035448,6,10
486,-78.6964726,35.7287379,30.002,12.193,2022-01-26 18:54:27.036524,6,10
487,-78.6964634,35.7287058,30.002,12.193,2022-01-26 18:54:28.037321,6,10
488,-78.6964479,35.728652,30.002,12.193,2022-01-26 18:54:29.037686,6,10
489,-78.6964357,35.7286092,30.003,12.193,2022-01-26 18:54:30.038501,6,10
490,-78.6964264,35.7285769,30.003,12.193,2022-01-26 18:54:31.038983,6,10
491,-78.6964141,35.728534,30.001,12.193,2022-01-26 18:54:32.039329,6,10
492,-78.6963987,35.7284803,30.001,12.193,2022-01-26 18:54:33.040109,6,10
493,-78.6963865,35.7284375,30.0,12.193,2022-01-26 18:54:34.040660,6,10
494,-78.6963772,35.7284052,30.0,12.193,2022-01-26 18:54:35.041570,6,10
495,-78.6963648,35.7283623,30.001,12.193,2022-01-26 18:54:36.042487,6,10
496,-78.6963494,35.7283086,30.001,12.193,2022-01-26 18:54:37.042809,6,10
497,-78.6963403,35.7282766,29.999,12.193,2022-01-26 18:54:38.043025,6,10
498,-78.6963249,35.7282229,29.998,12.193,2022-01-26 18:54:39.044342,6,10
499,-78.6963127,35.7281801,30.001,12.193,2022-01-26 18:54:40.048263,6,10
500,-78.6963004,35.7281372,30.001,12.193,2022-01-26 18:54:41.049631,6,10
501,-78.6962881,35.7280945,29.999,12.193,2022-01-26 18:54:42.050241,6,10
502,-78.6962758,35.7280515,29.998,12.193,2022-01-26 18:54:43.050521,6,10
503,-78.6962636,35.7280087,29.998,12.193,2022-01-26 18:54:44.050935,6,10
504,-78.6962513,35.7279658,29.998,12.193,2022-01-26 18:54:45.051892,6,10
505,-78.696239,35.727923,29.998,12.193,2022-01-26 18:54:46.053073,6,10
506,-78.6962268,35.7278803,29.998,12.193,2022-01-26 18:54:47.053589,6,10
507,-78.6962144,35.7278375,29.999,12.193,2022-01-26 18:54:48.054446,6,10
508,-78.6962021,35.7277947,30.0,12.193,2022-01-26 18:54:49.054804,6,10
509,-78.6961898,35.7277518,30.001,12.193,2022-01-26 18:54:50.055662,6,10
510,-78.6961807,35.7277201,30.003,12.193,2022-01-26 18:54:51.056287,6,10
511,-78.6961665,35.7276709,30.004,12.242,2022-01-26 18:54:52.057054,6,10
512,-78.696157,35.7276391,30.004,12.242,2022-01-26 18:54:53.057524,6,10
513,-78.69615,35.7276167,29.997,12.242,2022-01-26 18:54:54.058555,6,10
514,-78.6961464,35.7276061,29.988,12.242,2022-01-26 18:54:55.059792,6,10
515,-78.6961457,35.7276048,29.982,12.242,2022-01-26 18:54:56.060486,6,10
516,-78.6961465,35.7276063,29.981,12.242,2022-01-26 18:54:57.061643,6,10
517,-78.6961477,35.7276074,29.982,12.242,2022-01-26 18:54:58.062823,6,10
518,-78.6961491,35.727607,30.168,12.193,2022-01-26 18:54:59.063566,6,10
519,-78.6961557,35.7276015,31.16,12.143,2022-01-26 18:55:00.064408,6,10
520,-78.6961683,35.7275906,32.905,12.193,2022-01-26 18:55:01.064875,6,10
521,-78.6961844,35.7275763,35.004,12.193,2022-01-26 18:55:02.066332,6,10
522,-78.696202,35.7275603,37.253,12.193,2022-01-26 18:55:03.067009,6,10
523,-78.6962203,35.7275432,39.599,12.193,2022-01-26 18:55:04.067262,6,10
524,-78.6962387,35.7275259,41.996,12.193,2022-01-26 18:55:05.068749,6,10
525,-78.6962575,35.7275084,44.418,12.193,2022-01-26 18:55:06.069158,6,10
526,-78.6962762,35.7274912,46.823,12.193,2022-01-26 18:55:07.069395,6,10
527,-78.6962949,35.7274741,49.222,12.193,2022-01-26 18:55:08.070871,6,10
528,-78.6963136,35.7274572,51.603,12.193,2022-01-26 18:55:09.071452,6,10
529,-78.6963324,35.7274402,53.98,12.193,2022-01-26 18:55:10.072239,6,10
530,-78.6963512,35.7274233,56.35,12.193,2022-01-26 18:55:11.073380,6,10
531,-78.69637,35.7274064,58.717,12.193,2022-01-26 18:55:12.074064,6,10
532,-78.6963889,35.7273895,61.081,12.193,2022-01-26 18:55:13.074352,6,10
533,-78.6964077,35.7273725,63.446,12.193,2022-01-26 18:55:14.074799,6,10
534,-78.6964266,35.7273555,65.813,12.193,2022-01-26 18:55:15.075750,6,10
535,-78.6964453,35.7273386,68.174,12.193,2022-01-26 18:55:16.076799,6,10
536,-78.6964642,35.7273216,70.541,12.193,2022-01-26 18:55:17.077675,6,10
537,-78.696483,35.7273046,72.901,12.193,2022-01-26 18:55:18.078573,6,10
538,-78.6964972,35.7272919,74.681,12.193,2022-01-26 18:55:19.080530,6,10
539,-78.6965203,35.7272711,77.552,12.193,2022-01-26 18:55:20.081527,6,10
540,-78.6965321,35.7272603,78.853,12.242,2022-01-26 18:55:21.082628,6,10
541,-78.6965429,35.7272497,79.704,12.242,2022-01-26 18:55:22.083940,6,10
542,-78.6965442,35.7272479,79.832,12.242,2022-01-26 18:55:23.084930,6,10
543,-78.6965434,35.7272482,79.899,12.242,2022-01-26 18:55:24.085771,6,10
544,-78.6965426,35.7272495,79.932,12.242,2022-01-26 18:55:25.087353,6,10
545,-78.6965426,35.72725,79.947,12.242,2022-01-26 18:55:26.088314,6,10
546,-78.6965416,35.7272491,79.957,12.242,2022-01-26 18:55:27.089903,6,10
547,-78.6965347,35.7272433,79.968,12.242,2022-01-26 18:55:28.090616,6,10
548,-78.6965211,35.7272321,79.976,12.242,2022-01-26 18:55:29.091206,6,10
549,-78.6964934,35.7272105,79.985,12.193,2022-01-26 18:55:30.092228,6,10
550,-78.6964725,35.7271943,79.99,12.193,2022-01-26 18:55:31.093037,6,10
551,-78.696433,35.7271641,79.994,12.193,2022-01-26 18:55:32.094061,6,10
552,-78.6964072,35.7271448,79.997,12.193,2022-01-26 18:55:33.094900,6,10
553,-78.6963621,35.7271113,79.998,12.193,2022-01-26 18:55:34.096117,6,10
554,-78.6963341,35.7270907,79.999,12.193,2022-01-26 18:55:35.098416,6,10
555,-78.6962865,35.7270556,79.999,12.193,2022-01-26 18:55:36.099672,6,10
556,-78.6962478,35.7270271,79.999,12.193,2022-01-26 18:55:37.100905,6,10
557,-78.6962087,35.7269982,80.0,12.193,2022-01-26 18:55:38.102092,6,10
558,-78.6961792,35.7269764,79.999,12.193,2022-01-26 18:55:39.102456,6,10
559,-78.6961294,35.7269397,80.0,12.193,2022-01-26 18:55:40.103653,6,10
560,-78.6960897,35.7269103,79.999,12.193,2022-01-26 18:55:41.103974,6,10
561,-78.696051,35.7268818,80.004,12.242,2022-01-26 18:55:42.104638,6,10
562,-78.6960167,35.7268568,80.006,12.242,2022-01-26 18:55:43.105698,6,10
563,-78.6959896,35.7268375,80.003,12.242,2022-01-26 18:55:44.106151,6,10
564,-78.6959721,35.7268256,79.995,12.242,2022-01-26 18:55:45.107608,6,10
565,-78.6959659,35.7268218,79.989,12.242,2022-01-26 18:55:46.108697,6,10
566,-78.6959663,35.7268221,79.987,12.242,2022-01-26 18:55:47.109956,6,10
567,-78.6959683,35.7268228,79.984,12.242,2022-01-26 18:55:48.110271,6,10
568,-78.6959698,35.7268229,79.989,12.242,2022-01-26 18:55:49.110601,6,10
569,-78.69597,35.7268225,80.002,12.242,2022-01-26 18:55:50.111330,6,10
570,-78.6959636,35.7268234,80.007,12.242,2022-01-26 18:55:51.112774,6,10
571,-78.6959478,35.7268264,80.01,12.242,2022-01-26 18:55:52.112945,6,10
572,-78.6959221,35.7268317,80.011,12.193,2022-01-26 18:55:53.113477,6,10
573,-78.6958876,35.7268391,80.013,12.193,2022-01-26 18:55:54.113732,6,10
574,-78.6958475,35.7268481,80.011,12.193,2022-01-26 18:55:55.115947,6,10
575,-78.6958035,35.7268584,80.009,12.193,2022-01-26 18:55:56.116954,6,10
576,-78.6957574,35.7268695,80.006,12.193,2022-01-26 18:55:57.117565,6,10
577,-78.6957094,35.7268812,80.004,12.193,2022-01-26 18:55:58.118490,6,10
578,-78.6956604,35.7268932,80.0,12.193,2022-01-26 18:55:59.119387,6,10
579,-78.6956105,35.7269054,79.996,12.193,2022-01-26 18:56:00.120393,6,10
580,-78.6955599,35.7269177,79.995,12.193,2022-01-26 18:56:01.121701,6,10
581,-78.6955088,35.7269302,79.995,12.193,2022-01-26 18:56:02.122120,6,10
582,-78.6954573,35.7269426,79.995,12.193,2022-01-26 18:56:03.123296,6,10
583,-78.6954054,35.726955,79.995,12.193,2022-01-26 18:56:04.124277,6,10
584,-78.6953532,35.7269675,79.996,12.193,2022-01-26 18:56:05.124923,6,10
585,-78.6953012,35.7269799,79.996,12.193,2022-01-26 18:56:06.125386,6,10
586,-78.6952491,35.7269924,79.999,12.193,2022-01-26 18:56:07.125668,6,10
587,-78.6951993,35.7270044,80.002,12.242,2022-01-26 18:56:08.126096,6,10
588,-78.6951553,35.7270151,80.004,12.242,2022-01-26 18:56:09.128083,6,10
589,-78.6951218,35.7270238,80.004,12.242,2022-01-26 18:56:10.129414,6,10
590,-78.6951013,35.7270295,79.998,12.242,2022-01-26 18:56:11.130784,6,10
591,-78.6950951,35.7270315,79.991,12.242,2022-01-26 18:56:12.132052,6,10
592,-78.6950961,35.7270313,79.987,12.242,2022-01-26 18:56:13.133309,6,10
593,-78.6950979,35.7270304,79.983,12.242,2022-01-26 18:56:14.133766,6,10
594,-78.6950986,35.7270294,79.992,12.242,2022-01-26 18:56:15.134123,6,10
595,-78.695098,35.7270275,79.996,12.242,2022-01-26 18:56:16.135065,6,10
596,-78.6950958,35.7270203,80.0,12.242,2022-01-26 18:56:17.136356,6,10
597,-78.6950917,35.727007,79.998,12.242,2022-01-26 18:56:18.138429,6,10
598,-78.6950856,35.7269863,79.994,12.193,2022-01-26 18:56:19.139156,6,10
599,-78.6950777,35.7269589,79.996,12.193,2022-01-26 18:56:20.139863,6,10
600,-78.6950681,35.7269267,79.996,12.193,2022-01-26 18:56:21.141034,6,10
601,-78.6950575,35.7268916,79.998,12.193,2022-01-26 18:56:22.141386,6,10
602,-78.6950458,35.7268545,79.999,12.193,2022-01-26 18:56:23.141719,6,10
603,-78.6950337,35.726816,79.998,12.193,2022-01-26 18:56:24.142051,6,10
604,-78.6950212,35.7267765,79.998,12.193,2022-01-26 18:56:25.142342,6,10
605,-78.6950085,35.726736,79.998,12.193,2022-01-26 18:56:26.144314,6,10
606,-78.6949957,35.7266949,80.0,12.193,2022-01-26 18:56:27.145287,6,10
607,-78.6949829,35.7266533,80.002,12.193,2022-01-26 18:56:28.145885,6,10
608,-78.6949701,35.7266112,80.002,12.193,2022-01-26 18:56:29.146549,6,10
609,-78.6949571,35.7265686,80.0,12.193,2022-01-26 18:56:30.147338,6,10
610,-78.6949441,35.726526,80.0,12.193,2022-01-26 18:56:31.148373,6,10
611,-78.694931,35.7264831,79.998,12.193,2022-01-26 18:56:32.149065,6,10
612,-78.694918,35.7264402,79.998,12.193,2022-01-26 18:56:33.149800,6,10
613,-78.6949049,35.7263972,79.997,12.193,2022-01-26 18:56:34.151087,6,10
614,-78.6948918,35.7263544,79.996,12.193,2022-01-26 18:56:35.152376,6,10
615,-78.6948786,35.7263113,79.993,12.193,2022-01-26 18:56:36.153243,6,10
616,-78.6948655,35.7262685,79.993,12.193,2022-01-26 18:56:37.154080,6,10
617,-78.6948523,35.7262255,79.995,12.193,2022-01-26 18:56:38.154793,6,10
618,-78.6948393,35.7261826,79.997,12.193,2022-01-26 18:56:39.156555,6,10
619,-78.6948262,35.7261395,79.999,12.193,2022-01-26 18:56:40.157425,6,10
620,-78.6948131,35.7260966,79.997,12.193,2022-01-26 18:56:41.157969,6,10
621,-78.6947999,35.7260535,79.998,12.193,2022-01-26 18:56:42.159718,6,10
622,-78.6947869,35.7260106,79.998,12.193,2022-01-26 18:56:43.160928,6,10
623,-78.6947737,35.7259674,79.999,12.193,2022-01-26 18:56:44.162025,6,10
624,-78.6947606,35.7259244,79.998,12.193,2022-01-26 18:56:45.162667,6,10
625,-78.6947474,35.7258813,79.997,12.193,2022-01-26 18:56:46.163772,6,10
626,-78.6947342,35.7258383,79.999,12.193,2022-01-26 18:56:47.164886,6,10
627,-78.6947211,35.7257951,79.998,12.193,2022-01-26 18:56:48.165749,6,10
628,-78.6947079,35.7257521,79.997,12.193,2022-01-26 18:56:49.166907,6,10
629,-78.6946947,35.7257091,79.996,12.193,2022-01-26 18:56:50.167370,6,10
630,-78.6946815,35.7256659,79.996,12.193,2022-01-26 18:56:51.167834,6,10
631,-78.6946683,35.7256228,79.996,12.193,2022-01-26 18:56:52.168223,6,10
632,-78.6946552,35.7255796,79.998,12.193,2022-01-26 18:56:53.168647,6,10
633,-78.694642,35.7255365,79.997,12.193,2022-01-26 18:56:54.169243,6,10
634,-78.6946289,35.7254933,79.995,12.193,2022-01-26 18:56:55.169973,6,10
635,-78.6946157,35.7254504,79.994,12.193,2022-01-26 18:56:56.170700,6,10
636,-78.6946032,35.7254095,79.999,12.242,2022-01-26 18:56:57.172628,6,10
637,-78.6945922,35.7253743,80.002,12.242,2022-01-26 18:56:58.172945,6,10
638,-78.6945837,35.7253478,80.0,12.242,2022-01-26 18:56:59.173615,6,10
639,-78.6945788,35.7253327,79.994,12.242,2022-01-26 18:57:00.174687,6,10
640,-78.6945774,35.7253289,79.992,12.242,2022-01-26 18:57:01.175987,6,10
641,-78.6945778,35.72533,79.991,12.242,2022-01-26 18:57:02.177270,6,10
642,-78.6945787,35.7253314,79.988,12.242,2022-01-26 18:57:03.177707,6,10
643,-78.6945795,35.7253319,79.996,12.242,2022-01-26 18:57:04.178058,6,10
644,-78.6945801,35.7253318,79.998,12.242,2022-01-26 18:57:05.178728,6,10
645,-78.6945856,35.7253319,80.0,12.242,2022-01-26 18:57:06.179247,6,10
646,-78.6945995,35.7253323,79.999,12.242,2022-01-26 18:57:07.180084,6,10
647,-78.6946222,35.7253331,79.997,12.242,2022-01-26 18:57:08.181461,6,10
648,-78.6946546,35.7253343,79.998,12.193,2022-01-26 18:57:09.181970,6,10
649,-78.6946938,35.7253356,79.999,12.193,2022-01-26 18:57:10.182212,6,10
650,-78.6947377,35.7253369,80.0,12.193,2022-01-26 18:57:11.182571,6,10
651,-78.6947844,35.7253382,80.0,12.193,2022-01-26 18:57:12.183751,6,10
652,-78.6948333,35.7253394,80.0,12.193,2022-01-26 18:57:13.184599,6,10
653,-78.6948835,35.7253407,80.0,12.193,2022-01-26 18:57:14.185135,6,10
654,-78.694935,35.7253419,80.0,12.193,2022-01-26 18:57:15.186789,6,10
655,-78.694987,35.7253432,80.002,12.193,2022-01-26 18:57:16.187692,6,10
656,-78.6950399,35.7253445,80.0,12.193,2022-01-26 18:57:17.188308,6,10
657,-78.6950932,35.725346,80.002,12.193,2022-01-26 18:57:18.189500,6,10
658,-78.695147,35.7253475,80.003,12.193,2022-01-26 18:57:19.190097,6,10
659,-78.6952014,35.7253489,80.003,12.193,2022-01-26 18:57:20.191183,6,10
660,-78.6952559,35.7253504,80.004,12.193,2022-01-26 18:57:21.192917,6,10
661,-78.6953107,35.7253519,80.002,12.193,2022-01-26 18:57:22.193673,6,10
662,-78.6953653,35.7253534,80.003,12.193,2022-01-26 18:57:23.194200,6,10
663,-78.6954202,35.7253549,80.002,12.193,2022-01-26 18:57:24.195231,6,10
664,-78.6954749,35.7253564,80.002,12.193,2022-01-26 18:57:25.196045,6,10
665,-78.6955299,35.7253579,80.001,12.193,2022-01-26 18:57:26.197001,6,10
666,-78.6955846,35.7253594,79.999,12.193,2022-01-26 18:57:27.197715,6,10
667,-78.6956396,35.7253609,80.0,12.193,2022-01-26 18:57:28.198614,6,10
668,-78.6956945,35.7253624,79.999,12.193,2022-01-26 18:57:29.198972,6,10
669,-78.6957495,35.7253639,79.999,12.193,2022-01-26 18:57:30.199521,6,10
670,-78.6958044,35.7253655,79.999,12.193,2022-01-26 18:57:31.201278,6,10
671,-78.6958594,35.7253671,79.999,12.193,2022-01-26 18:57:32.202531,6,10
672,-78.6959143,35.7253686,79.999,12.193,2022-01-26 18:57:33.202878,6,10
673,-78.6959694,35.7253701,79.998,12.193,2022-01-26 18:57:34.204034,6,10
674,-78.6960243,35.7253715,79.998,12.193,2022-01-26 18:57:35.205100,6,10
675,-78.6960794,35.725373,79.998,12.193,2022-01-26 18:57:36.205917,6,10
676,-78.6961343,35.7253745,79.996,12.193,2022-01-26 18:57:37.206991,6,10
677,-78.6961894,35.725376,79.997,12.193,2022-01-26 18:57:38.207483,6,10
678,-78.6962444,35.7253775,79.998,12.193,2022-01-26 18:57:39.208660,6,10
679,-78.6962996,35.725379,79.998,12.193,2022-01-26 18:57:40.210143,6,10
680,-78.6963547,35.7253805,79.998,12.193,2022-01-26 18:57:41.210752,6,10
681,-78.6964098,35.725382,79.999,12.193,2022-01-26 18:57:42.211905,6,10
682,-78.696465,35.7253834,79.998,12.193,2022-01-26 18:57:43.213073,6,10
683,-78.6965202,35.7253849,79.998,12.193,2022-01-26 18:57:44.213546,6,10
684,-78.6965754,35.7253864,79.997,12.193,2022-01-26 18:57:45.214688,6,10
685,-78.6966305,35.725388,79.996,12.193,2022-01-26 18:57:46.215707,6,10
686,-78.6966858,35.7253895,79.997,12.193,2022-01-26 18:57:47.216438,6,10
687,-78.696741,35.725391,79.998,12.193,2022-01-26 18:57:48.218077,6,10
688,-78.6967963,35.7253925,79.998,12.193,2022-01-26 18:57:49.218635,6,10
689,-78.6968515,35.7253939,79.998,12.193,2022-01-26 18:57:50.219717,6,10
690,-78.6969068,35.7253954,79.998,12.193,2022-01-26 18:57:51.220574,6,10
691,-78.696962,35.7253969,79.997,12.193,2022-01-26 18:57:52.220879,6,10
692,-78.6970174,35.7253984,79.997,12.193,2022-01-26 18:57:53.221888,6,10
693,-78.6970726,35.7253999,79.997,12.193,2022-01-26 18:57:54.222135,6,10
694,-78.697128,35.7254014,79.995,12.193,2022-01-26 18:57:55.222611,6,10
695,-78.6971833,35.725403,79.994,12.193,2022-01-26 18:57:56.223627,6,10
696,-78.6972388,35.7254045,79.993,12.193,2022-01-26 18:57:57.224141,6,10
697,-78.6972941,35.7254061,79.994,12.193,2022-01-26 18:57:58.225869,6,10
698,-78.6973495,35.7254076,79.993,12.193,2022-01-26 18:57:59.226424,6,10
699,-78.6974048,35.7254091,79.994,12.193,2022-01-26 18:58:00.227059,6,10
700,-78.6974602,35.7254106,79.995,12.193,2022-01-26 18:58:01.229257,6,10
701,-78.6975154,35.7254121,79.994,12.193,2022-01-26 18:58:02.229741,6,10
702,-78.6975709,35.7254136,79.995,12.193,2022-01-26 18:58:03.230355,6,10
703,-78.6976262,35.7254151,79.996,12.193,2022-01-26 18:58:04.231092,6,10
704,-78.6976816,35.7254166,79.998,12.193,2022-01-26 18:58:05.231687,6,10
705,-78.6977369,35.7254181,79.998,12.193,2022-01-26 18:58:06.233342,6,10
706,-78.6977922,35.7254196,79.998,12.193,2022-01-26 18:58:07.233656,6,10
707,-78.6978476,35.7254211,79.999,12.193,2022-01-26 18:58:08.234152,6,10
708,-78.697903,35.7254226,79.997,12.193,2022-01-26 18:58:09.236312,6,10
709,-78.6979586,35.7254242,79.998,12.193,2022-01-26 18:58:10.237388,6,10
710,-78.6980138,35.7254257,79.998,12.193,2022-01-26 18:58:11.238928,6,10
711,-78.6980671,35.7254272,80.0,12.242,2022-01-26 18:58:12.239586,6,10
712,-78.6981143,35.7254285,80.004,12.242,2022-01-26 18:58:13.240089,6,10
713,-78.6981509,35.7254295,80.005,12.242,2022-01-26 18:58:14.241190,6,10
714,-78.6981733,35.7254301,80.002,12.242,2022-01-26 18:58:15.242928,6,10
715,-78.6981801,35.7254303,80.0,12.242,2022-01-26 18:58:16.244140,6,10
716,-78.698179,35.7254302,79.999,12.242,2022-01-26 18:58:17.244830,6,10
717,-78.6981776,35.7254302,79.997,12.242,2022-01-26 18:58:18.245924,6,10
718,-78.6981833,35.7254305,79.995,12.242,2022-01-26 18:58:19.246429,6,10
719,-78.6981981,35.7254311,79.996,12.242,2022-01-26 18:58:20.246930,6,10
720,-78.6982226,35.7254322,79.993,12.193,2022-01-26 18:58:21.247421,6,10
721,-78.6982567,35.7254337,79.992,12.193,2022-01-26 18:58:22.248097,6,10
722,-78.6982974,35.7254355,79.991,12.193,2022-01-26 18:58:23.249340,6,10
723,-78.6983425,35.7254374,79.994,12.193,2022-01-26 18:58:24.250261,6,10
724,-78.6983902,35.7254395,79.995,12.193,2022-01-26 18:58:25.251135,6,10
725,-78.69844,35.7254417,79.995,12.193,2022-01-26 18:58:26.251458,6,10
726,-78.698491,35.7254439,79.996,12.193,2022-01-26 18:58:27.252637,6,10
727,-78.698543,35.7254462,79.997,12.193,2022-01-26 18:58:28.253295,6,10
728,-78.6985956,35.7254485,79.996,12.193,2022-01-26 18:58:29.253938,6,10
729,-78.6986489,35.7254509,79.996,12.193,2022-01-26 18:58:30.254757,6,10
730,-78.6987025,35.7254532,79.997,12.193,2022-01-26 18:58:31.255967,6,10
731,-78.6987565,35.7254555,79.996,12.193,2022-01-26 18:58:32.256908,6,10
732,-78.6988108,35.725458,79.998,12.193,2022-01-26 18:58:33.258595,6,10
733,-78.6988653,35.7254604,79.997,12.193,2022-01-26 18:58:34.259543,6,10
734,-78.69892,35.7254629,79.998,12.193,2022-01-26 18:58:35.260022,6,10
735,-78.6989749,35.7254654,79.998,12.193,2022-01-26 18:58:36.260686,6,10
736,-78.6990299,35.7254678,79.998,12.193,2022-01-26 18:58:37.261401,6,10
737,-78.6990849,35.7254703,79.998,12.193,2022-01-26 18:58:38.261874,6,10
738,-78.6991401,35.7254727,79.999,12.193,2022-01-26 18:58:39.262475,6,10
739,-78.6991952,35.7254751,80.0,12.193,2022-01-26 18:58:40.263354,6,10
740,-78.6992505,35.7254775,80.0,12.193,2022-01-26 18:58:41.263685,6,10
741,-78.6993056,35.7254799,80.0,12.193,2022-01-26 18:58:42.264109,6,10
742,-78.6993608,35.7254824,80.0,12.193,2022-01-26 18:58:43.264707,6,10
743,-78.6994159,35.7254849,80.001,12.193,2022-01-26 18:58:44.265136,6,10
744,-78.6994712,35.7254874,80.002,12.193,2022-01-26 18:58:45.265717,6,10
745,-78.6995263,35.7254898,80.001,12.193,2022-01-26 18:58:46.267652,6,10
746,-78.6995817,35.7254922,80.001,12.193,2022-01-26 18:58:47.268314,6,10
747,-78.6996369,35.7254946,80.0,12.193,2022-01-26 18:58:48.269120,6,10
748,-78.6996923,35.7254971,80.001,12.193,2022-01-26 18:58:49.270076,6,10
749,-78.6997475,35.7254995,80.0,12.193,2022-01-26 18:58:50.270394,6,10
750,-78.699803,35.7255019,80.002,12.193,2022-01-26 18:58:51.271270,6,10
751,-78.6998582,35.7255044,80.003,12.193,2022-01-26 18:58:52.272863,6,10
752,-78.6999136,35.7255069,80.003,12.193,2022-01-26 18:58:53.273227,6,10
753,-78.6999688,35.7255093,80.003,12.193,2022-01-26 18:58:54.274316,6,10
754,-78.7000243,35.7255118,80.003,12.193,2022-01-26 18:58:55.276094,6,10
755,-78.7000795,35.7255143,80.002,12.193,2022-01-26 18:58:56.276969,6,10
756,-78.7001349,35.7255168,80.001,12.193,2022-01-26 18:58:57.277965,6,10
757,-78.7001902,35.7255192,80.001,12.193,2022-01-26 18:58:58.279208,6,10
758,-78.7002455,35.7255217,79.998,12.193,2022-01-26 18:58:59.280454,6,10
759,-78.7003009,35.7255241,80.0,12.193,2022-01-26 18:59:00.281268,6,10
760,-78.7003562,35.7255266,80.0,12.193,2022-01-26 18:59:01.282244,6,10
761,-78.7004109,35.725529,80.0,12.193,2022-01-26 18:59:02.283431,6,10
762,-78.7004617,35.7255312,80.005,12.242,2022-01-26 18:59:03.284346,6,10
763,-78.7005042,35.7255334,80.008,12.242,2022-01-26 18:59:04.285475,6,10
764,-78.700534,35.725535,80.007,12.242,2022-01-26 18:59:05.286312,6,10
765,-78.7005474,35.7255359,80.006,12.242,2022-01-26 18:59:06.287333,6,10
766,-78.7005487,35.7255362,80.006,12.242,2022-01-26 18:59:07.288073,6,10
767,-78.7005465,35.725536,80.006,12.242,2022-01-26 18:59:08.290310,6,10
768,-78.7005449,35.7255356,80.0,12.242,2022-01-26 18:59:09.292326,6,10
769,-78.7005445,35.7255354,80.003,12.242,2022-01-26 18:59:10.292988,6,10
770,-78.7005442,35.7255386,80.004,12.242,2022-01-26 18:59:11.293869,6,10
771,-78.7005427,35.725549,80.003,12.242,2022-01-26 18:59:12.294953,6,10
772,-78.7005401,35.7255674,79.998,12.193,2022-01-26 18:59:13.295981,6,10
773,-78.7005359,35.7255938,79.996,12.193,2022-01-26 18:59:14.296342,6,10
774,-78.7005307,35.725626,79.995,12.193,2022-01-26 18:59:15.297140,6,10
775,-78.7005244,35.7256622,79.994,12.193,2022-01-26 18:59:16.298141,6,10
776,-78.7005177,35.7257008,79.994,12.193,2022-01-26 18:59:17.298605,6,10
777,-78.7005107,35.7257411,79.995,12.193,2022-01-26 18:59:18.300318,6,10
778,-78.7005034,35.7257824,79.998,12.193,2022-01-26 18:59:19.301451,6,10
779,-78.700496,35.7258246,79.998,12.193,2022-01-26 18:59:20.302158,6,10
780,-78.7004886,35.7258672,79.999,12.193,2022-01-26 18:59:21.302764,6,10
781,-78.700481,35.7259103,80.0,12.193,2022-01-26 18:59:22.303233,6,10
782,-78.7004734,35.7259536,80.0,12.193,2022-01-26 18:59:23.304495,6,10
783,-78.7004658,35.7259973,80.001,12.193,2022-01-26 18:59:24.305347,6,10
784,-78.7004582,35.7260411,80.0,12.193,2022-01-26 18:59:25.306476,6,10
785,-78.7004507,35.726085,80.0,12.193,2022-01-26 18:59:26.307440,6,10
786,-78.700443,35.7261291,80.0,12.193,2022-01-26 18:59:27.308876,6,10
787,-78.7004354,35.7261732,80.001,12.193,2022-01-26 18:59:28.309163,6,10
788,-78.7004278,35.7262175,80.002,12.193,2022-01-26 18:59:29.311229,6,10
789,-78.7004201,35.7262617,80.002,12.193,2022-01-26 18:59:30.312052,6,10
790,-78.7004125,35.7263062,80.005,12.193,2022-01-26 18:59:31.312390,6,10
791,-78.7004049,35.7263505,80.002,12.193,2022-01-26 18:59:32.312822,6,10
792,-78.7003973,35.726395,79.999,12.193,2022-01-26 18:59:33.313346,6,10
793,-78.7003896,35.7264394,80.0,12.193,2022-01-26 18:59:34.314227,6,10
794,-78.7003818,35.7264839,80.001,12.193,2022-01-26 18:59:35.315170,6,10
795,-78.7003741,35.7265283,79.998,12.193,2022-01-26 18:59:36.315599,6,10
796,-78.7003664,35.7265729,79.998,12.193,2022-01-26 18:59:37.316378,6,10
797,-78.7003587,35.7266173,79.999,12.193,2022-01-26 18:59:38.317388,6,10
798,-78.700351,35.7266619,79.998,12.193,2022-01-26 18:59:39.319481,6,10
799,-78.7003433,35.7267063,79.997,12.193,2022-01-26 18:59:40.319837,6,10
800,-78.7003356,35.7267508,79.999,12.193,2022-01-26 18:59:41.320051,6,10
801,-78.7003279,35.7267952,79.999,12.193,2022-01-26 18:59:42.320714,6,10
802,-78.7003202,35.7268398,79.997,12.193,2022-01-26 18:59:43.321716,6,10
803,-78.7003125,35.7268842,79.998,12.193,2022-01-26 18:59:44.322471,6,10
804,-78.7003048,35.7269288,79.998,12.193,2022-01-26 18:59:45.323063,6,10
805,-78.7002971,35.7269732,79.997,12.193,2022-01-26 18:59:46.323678,6,10
806,-78.7002894,35.7270177,79.998,12.193,2022-01-26 18:59:47.324081,6,10
807,-78.7002817,35.7270622,79.998,12.193,2022-01-26 18:59:48.325203,6,10
808,-78.700274,35.7271067,79.998,12.193,2022-01-26 18:59:49.326079,6,10
809,-78.7002663,35.7271513,79.998,12.193,2022-01-26 18:59:50.326395,6,10
810,-78.7002586,35.7271958,79.998,12.193,2022-01-26 18:59:51.327520,6,10
811,-78.7002509,35.7272404,79.998,12.193,2022-01-26 18:59:52.327994,6,10
812,-78.7002431,35.7272847,79.998,12.193,2022-01-26 18:59:53.328878,6,10
813,-78.7002354,35.7273292,79.997,12.193,2022-01-26 18:59:54.329287,6,10
814,-78.7002277,35.7273736,79.998,12.193,2022-01-26 18:59:55.330214,6,10
815,-78.70022,35.7274182,79.999,12.193,2022-01-26 18:59:56.330896,6,10
816,-78.7002124,35.7274626,79.998,12.193,2022-01-26 18:59:57.331254,6,10
817,-78.7002046,35.7275072,79.997,12.193,2022-01-26 18:59:58.332020,6,10
818,-78.7001969,35.7275517,79.997,12.193,2022-01-26 18:59:59.332790,6,10
819,-78.7001892,35.7275963,79.998,12.193,2022-01-26 19:00:00.333505,6,10
820,-78.7001815,35.7276408,79.998,12.193,2022-01-26 19:00:01.333914,6,10
821,-78.7001738,35.7276853,79.998,12.193,2022-01-26 19:00:02.334968,6,10
822,-78.7001661,35.7277297,79.999,12.193,2022-01-26 19:00:03.335617,6,10
823,-78.7001584,35.7277743,79.999,12.193,2022-01-26 19:00:04.335893,6,10
824,-78.7001507,35.7278187,79.999,12.193,2022-01-26 19:00:05.336540,6,10
825,-78.700143,35.7278632,80.001,12.193,2022-01-26 19:00:06.336755,6,10
826,-78.7001353,35.7279076,80.0,12.193,2022-01-26 19:00:07.337861,6,10
827,-78.7001276,35.7279522,79.999,12.193,2022-01-26 19:00:08.338198,6,10
828,-78.7001199,35.7279966,80.0,12.193,2022-01-26 19:00:09.338689,6,10
829,-78.7001121,35.7280412,79.997,12.193,2022-01-26 19:00:10.339171,6,10
830,-78.7001045,35.7280857,79.995,12.193,2022-01-26 19:00:11.339982,6,10
831,-78.7000969,35.7281302,79.995,12.193,2022-01-26 19:00:12.340396,6,10
832,-78.7000892,35.7281747,79.995,12.193,2022-01-26 19:00:13.341605,6,10
833,-78.7000816,35.7282192,79.996,12.193,2022-01-26 19:00:14.342030,6,10
834,-78.7000739,35.7282637,79.996,12.193,2022-01-26 19:00:15.342598,6,10
835,-78.7000662,35.7283082,79.995,12.193,2022-01-26 19:00:16.343649,6,10
836,-78.7000585,35.7283528,79.995,12.193,2022-01-26 19:00:17.345903,6,10
837,-78.7000508,35.7283972,79.998,12.193,2022-01-26 19:00:18.346930,6,10
838,-78.700043,35.7284418,79.998,12.193,2022-01-26 19:00:19.347315,6,10
839,-78.7000353,35.7284862,79.998,12.193,2022-01-26 19:00:20.347801,6,10
840,-78.7000277,35.7285309,79.998,12.193,2022-01-26 19:00:21.348489,6,10
841,-78.7000201,35.7285753,79.997,12.193,2022-01-26 19:00:22.349383,6,10
842,-78.7000123,35.7286199,79.996,12.193,2022-01-26 19:00:23.350055,6,10
843,-78.7000046,35.7286643,79.995,12.193,2022-01-26 19:00:24.350694,6,10
844,-78.6999968,35.7287088,79.995,12.193,2022-01-26 19:00:25.351421,6,10
845,-78.6999892,35.7287532,79.995,12.193,2022-01-26 19:00:26.352181,6,10
846,-78.6999815,35.7287977,79.994,12.193,2022-01-26 19:00:27.352486,6,10
847,-78.6999738,35.7288422,79.995,12.193,2022-01-26 19:00:28.353043,6,10
848,-78.6999661,35.7288868,79.995,12.193,2022-01-26 19:00:29.354366,6,10
849,-78.6999584,35.7289312,79.994,12.193,2022-01-26 19:00:30.355443,6,10
850,-78.6999507,35.7289759,79.994,12.193,2022-01-26 19:00:31.355814,6,10
851,-78.6999429,35.7290204,79.995,12.193,2022-01-26 19:00:32.356808,6,10
852,-78.6999352,35.729065,79.996,12.193,2022-01-26 19:00:33.358171,6,10
853,-78.6999275,35.7291094,79.999,12.193,2022-01-26 19:00:34.358633,6,10
854,-78.6999198,35.7291539,80.0,12.193,2022-01-26 19:00:35.359473,6,10
855,-78.6999121,35.7291983,80.0,12.193,2022-01-26 19:00:36.360693,6,10
856,-78.6999044,35.7292428,79.998,12.193,2022-01-26 19:00:37.361004,6,10
857,-78.6998967,35.7292872,79.998,12.193,2022-01-26 19:00:38.361439,6,10
858,-78.699889,35.7293316,79.998,12.193,2022-01-26 19:00:39.362307,6,10
859,-78.6998813,35.7293761,79.997,12.193,2022-01-26 19:00:40.363314,6,10
860,-78.6998736,35.7294207,79.999,12.193,2022-01-26 19:00:41.364145,6,10
861,-78.6998659,35.7294653,79.998,12.193,2022-01-26 19:00:42.365131,6,10
862,-78.6998582,35.7295098,79.998,12.193,2022-01-26 19:00:43.365775,6,10
863,-78.6998505,35.7295543,80.0,12.193,2022-01-26 19:00:44.366389,6,10
864,-78.6998428,35.7295987,80.002,12.193,2022-01-26 19:00:45.366839,6,10
865,-78.699835,35.7296433,80.001,12.193,2022-01-26 19:00:46.368873,6,10
866,-78.6998273,35.7296877,80.001,12.193,2022-01-26 19:00:47.369868,6,10
867,-78.6998196,35.7297322,80.002,12.193,2022-01-26 19:00:48.370411,6,10
868,-78.6998119,35.7297766,80.002,12.193,2022-01-26 19:00:49.371080,6,10
869,-78.6998042,35.7298211,80.003,12.193,2022-01-26 19:00:50.372031,6,10
870,-78.6997965,35.7298655,80.004,12.193,2022-01-26 19:00:51.373037,6,10
871,-78.6997888,35.72991,80.004,12.193,2022-01-26 19:00:52.373921,6,10
872,-78.6997811,35.7299545,80.005,12.193,2022-01-26 19:00:53.375051,6,10
873,-78.6997733,35.729999,80.007,12.193,2022-01-26 19:00:54.375835,6,10
874,-78.6997656,35.7300433,80.008,12.193,2022-01-26 19:00:55.377198,6,10
875,-78.6997579,35.7300878,80.008,12.193,2022-01-26 19:00:56.378206,6,10
876,-78.6997503,35.7301309,80.011,12.193,2022-01-26 19:00:57.379140,6,10
877,-78.6997433,35.7301697,80.015,12.242,2022-01-26 19:00:58.379909,6,10
878,-78.6997369,35.7302002,80.019,12.242,2022-01-26 19:00:59.380530,6,10
879,-78.6997322,35.7302192,80.021,12.242,2022-01-26 19:01:00.381948,6,10
880,-78.6997302,35.7302249,80.021,12.242,2022-01-26 19:01:01.382768,6,10
881,-78.6997301,35.730224,80.02,12.242,2022-01-26 19:01:02.384031,6,10
882,-78.6997312,35.7302222,80.011,12.242,2022-01-26 19:01:03.384839,6,10
883,-78.6997326,35.7302214,80.011,12.242,2022-01-26 19:01:04.385985,6,10
884,-78.6997312,35.7302216,80.01,12.242,2022-01-26 19:01:05.386301,6,10
885,-78.6997205,35.7302219,80.011,12.242,2022-01-26 19:01:06.386735,6,10
886,-78.6996996,35.7302229,80.009,12.242,2022-01-26 19:01:07.388016,6,10
887,-78.6996683,35.7302237,80.008,12.193,2022-01-26 19:01:08.388324,6,10
888,-78.6996291,35.7302245,80.007,12.193,2022-01-26 19:01:09.388947,6,10
889,-78.6995848,35.7302249,80.004,12.193,2022-01-26 19:01:10.390197,6,10
890,-78.6995369,35.730225,80.003,12.193,2022-01-26 19:01:11.390785,6,10
891,-78.699487,35.730225,80.001,12.193,2022-01-26 19:01:12.391511,6,10
892,-78.6994354,35.7302249,80.0,12.193,2022-01-26 19:01:13.392735,6,10
893,-78.6993831,35.7302248,80.0,12.193,2022-01-26 19:01:14.392927,6,10
894,-78.6993298,35.7302248,80.001,12.193,2022-01-26 19:01:15.394199,6,10
895,-78.6992764,35.7302249,80.003,12.193,2022-01-26 19:01:16.395279,6,10
896,-78.6992223,35.730225,80.0,12.193,2022-01-26 19:01:17.396322,6,10
897,-78.6991683,35.7302253,79.999,12.193,2022-01-26 19:01:18.396794,6,10
898,-78.6991138,35.7302257,79.999,12.193,2022-01-26 19:01:19.397198,6,10
899,-78.6990593,35.7302261,79.999,12.193,2022-01-26 19:01:20.398120,6,10
900,-78.6990045,35.7302266,79.998,12.193,2022-01-26 19:01:21.399995,6,10
901,-78.6989497,35.7302271,80.0,12.193,2022-01-26 19:01:22.400761,6,10
902,-78.6988948,35.7302275,80.001,12.193,2022-01-26 19:01:23.401152,6,10
903,-78.6988399,35.7302279,80.002,12.193,2022-01-26 19:01:24.402065,6,10
904,-78.6987847,35.7302283,80.004,12.193,2022-01-26 19:01:25.403051,6,10
905,-78.6987296,35.7302287,80.005,12.193,2022-01-26 19:01:26.403593,6,10
906,-78.6986743,35.730229,80.007,12.193,2022-01-26 19:01:27.404644,6,10
907,-78.6986193,35.7302294,80.007,12.193,2022-01-26 19:01:28.405578,6,10
908,-78.6985641,35.7302297,80.006,12.193,2022-01-26 19:01:29.405970,6,10
909,-78.698509,35.7302301,80.005,12.193,2022-01-26 19:01:30.406798,6,10
910,-78.6984537,35.7302305,80.004,12.193,2022-01-26 19:01:31.407655,6,10
911,-78.6983983,35.7302307,80.002,12.193,2022-01-26 19:01:32.408008,6,10
912,-78.6983431,35.7302311,80.002,12.193,2022-01-26 19:01:33.409018,6,10
913,-78.6982877,35.7302314,80.003,12.193,2022-01-26 19:01:34.410015,6,10
914,-78.6982325,35.7302318,80.003,12.193,2022-01-26 19:01:35.410633,6,10
915,-78.6981771,35.7302321,80.005,12.193,2022-01-26 19:01:36.411201,6,10
916,-78.698122,35.7302325,80.005,12.193,2022-01-26 19:01:37.411631,6,10
917,-78.6980667,35.7302328,80.003,12.193,2022-01-26 19:01:38.412860,6,10
918,-78.6980116,35.7302332,80.003,12.193,2022-01-26 19:01:39.413807,6,10
919,-78.6979563,35.7302335,80.003,12.193,2022-01-26 19:01:40.414951,6,10
920,-78.6979011,35.7302339,80.003,12.193,2022-01-26 19:01:41.416211,6,10
921,-78.6978457,35.7302342,80.004,12.193,2022-01-26 19:01:42.416917,6,10
922,-78.6977905,35.7302346,80.005,12.193,2022-01-26 19:01:43.418462,6,10
923,-78.6977351,35.730235,80.001,12.193,2022-01-26 19:01:44.419344,6,10
924,-78.6976799,35.7302354,79.998,12.193,2022-01-26 19:01:45.419964,6,10
925,-78.6976245,35.7302357,79.996,12.193,2022-01-26 19:01:46.420707,6,10
926,-78.6975693,35.7302361,79.996,12.193,2022-01-26 19:01:47.421927,6,10
927,-78.6975139,35.7302365,79.997,12.193,2022-01-26 19:01:48.422740,6,10
928,-78.6974587,35.7302369,79.996,12.193,2022-01-26 19:01:49.424718,6,10
929,-78.6974033,35.7302372,79.994,12.193,2022-01-26 19:01:50.425916,6,10
930,-78.6973481,35.7302376,79.995,12.193,2022-01-26 19:01:51.426942,6,10
931,-78.6972928,35.730238,79.998,12.193,2022-01-26 19:01:52.427460,6,10
932,-78.6972376,35.7302383,80.0,12.193,2022-01-26 19:01:53.428038,6,10
933,-78.6971824,35.7302386,80.001,12.193,2022-01-26 19:01:54.428706,6,10
934,-78.6971271,35.730239,80.0,12.193,2022-01-26 19:01:55.429100,6,10
935,-78.6970719,35.7302394,79.999,12.193,2022-01-26 19:01:56.431183,6,10
936,-78.6970183,35.7302397,80.002,12.242,2022-01-26 19:01:57.433063,6,10
937,-78.69697,35.7302399,80.004,12.242,2022-01-26 19:01:58.434255,6,10
938,-78.6969317,35.7302399,80.005,12.242,2022-01-26 19:01:59.435527,6,10
939,-78.6969071,35.7302397,80.003,12.242,2022-01-26 19:02:00.436640,6,10
940,-78.6968986,35.7302394,80.002,12.242,2022-01-26 19:02:01.438050,6,10
941,-78.696899,35.7302394,80.002,12.242,2022-01-26 19:02:02.439420,6,10
942,-78.6969013,35.7302395,79.998,12.242,2022-01-26 19:02:03.440204,6,10
943,-78.6969025,35.7302399,80.0,12.242,2022-01-26 19:02:04.440865,6,10
944,-78.6969026,35.7302403,80.0,12.242,2022-01-26 19:02:05.441402,6,10
945,-78.6969021,35.7302397,80.003,12.242,2022-01-26 19:02:06.442456,6,10
946,-78.6968999,35.7302332,80.003,12.242,2022-01-26 19:02:07.443383,6,10
947,-78.6968958,35.7302195,79.999,12.242,2022-01-26 19:02:08.445412,6,10
948,-78.6968893,35.7301979,79.996,12.193,2022-01-26 19:02:09.445997,6,10
949,-78.6968809,35.7301694,79.995,12.193,2022-01-26 19:02:10.446674,6,10
950,-78.6968713,35.730136,79.996,12.193,2022-01-26 19:02:11.447008,6,10
951,-78.696861,35.7300996,79.994,12.193,2022-01-26 19:02:12.448130,6,10
952,-78.6968502,35.730061,79.996,12.193,2022-01-26 19:02:13.449072,6,10
953,-78.696839,35.7300214,79.995,12.193,2022-01-26 19:02:14.451194,6,10
954,-78.6968276,35.7299805,79.996,12.193,2022-01-26 19:02:15.451739,6,10
955,-78.696816,35.7299392,79.995,12.193,2022-01-26 19:02:16.452716,6,10
956,-78.6968042,35.7298973,79.996,12.193,2022-01-26 19:02:17.453969,6,10
957,-78.6967921,35.7298552,79.997,12.193,2022-01-26 19:02:18.454895,6,10
958,-78.6967799,35.7298127,79.996,12.193,2022-01-26 19:02:19.456899,6,10
959,-78.6967678,35.7297699,79.998,12.193,2022-01-26 19:02:20.458186,6,10
960,-78.6967555,35.7297269,79.999,12.193,2022-01-26 19:02:21.458717,6,10
961,-78.6967431,35.7296838,80.0,12.193,2022-01-26 19:02:22.459339,6,10
962,-78.6967307,35.7296404,80.001,12.193,2022-01-26 19:02:23.460476,6,10
963,-78.6967181,35.7295969,80.002,12.193,2022-01-26 19:02:24.460945,6,10
964,-78.6967057,35.7295536,80.001,12.193,2022-01-26 19:02:25.461926,6,10
965,-78.6966932,35.72951,80.001,12.193,2022-01-26 19:02:26.462243,6,10
966,-78.6966807,35.7294666,80.002,12.193,2022-01-26 19:02:27.462577,6,10
967,-78.6966681,35.7294229,80.003,12.193,2022-01-26 19:02:28.463909,6,10
968,-78.6966556,35.7293794,80.003,12.193,2022-01-26 19:02:29.464756,6,10
969,-78.6966432,35.7293357,80.003,12.193,2022-01-26 19:02:30.465680,6,10
970,-78.6966307,35.7292921,80.002,12.193,2022-01-26 19:02:31.466787,6,10
971,-78.6966181,35.7292484,80.002,12.193,2022-01-26 19:02:32.467587,6,10
972,-78.6966057,35.7292048,80.002,12.193,2022-01-26 19:02:33.468413,6,10
973,-78.6965932,35.7291611,80.002,12.193,2022-01-26 19:02:34.469349,6,10
974,-78.6965806,35.7291175,80.003,12.193,2022-01-26 19:02:35.470352,6,10
975,-78.6965681,35.7290737,80.002,12.193,2022-01-26 19:02:36.471498,6,10
976,-78.6965556,35.72903,80.004,12.193,2022-01-26 19:02:37.472076,6,10
977,-78.6965431,35.7289863,80.002,12.193,2022-01-26 19:02:38.473945,6,10
978,-78.6965306,35.7289426,79.998,12.193,2022-01-26 19:02:39.474922,6,10
979,-78.696518,35.7288989,79.996,12.193,2022-01-26 19:02:40.475371,6,10
980,-78.6965055,35.7288552,79.996,12.193,2022-01-26 19:02:41.475808,6,10
981,-78.696493,35.7288115,79.998,12.193,2022-01-26 19:02:42.477020,6,10
982,-78.6964805,35.7287678,79.997,12.193,2022-01-26 19:02:43.477590,6,10
983,-78.6964679,35.7287241,79.997,12.193,2022-01-26 19:02:44.478632,6,10
984,-78.6964554,35.7286803,79.998,12.193,2022-01-26 19:02:45.479782,6,10
985,-78.6964429,35.7286366,79.998,12.193,2022-01-26 19:02:46.480018,6,10
986,-78.6964303,35.7285929,79.998,12.193,2022-01-26 19:02:47.481090,6,10
987,-78.6964178,35.7285492,80.0,12.193,2022-01-26 19:02:48.481437,6,10
988,-78.6964052,35.7285055,80.0,12.193,2022-01-26 19:02:49.482582,6,10
989,-78.6963928,35.7284618,80.0,12.193,2022-01-26 19:02:50.484344,6,10
990,-78.6963802,35.728418,80.0,12.193,2022-01-26 19:02:51.485117,6,10
991,-78.6963678,35.7283744,80.0,12.193,2022-01-26 19:02:52.485452,6,10
992,-78.6963552,35.7283307,79.999,12.193,2022-01-26 19:02:53.487072,6,10
993,-78.6963428,35.728287,79.999,12.193,2022-01-26 19:02:54.487576,6,10
994,-78.6963303,35.7282432,79.999,12.193,2022-01-26 19:02:55.488511,6,10
995,-78.6963178,35.7281997,79.999,12.193,2022-01-26 19:02:56.490325,6,10
996,-78.6963052,35.728156,79.998,12.193,2022-01-26 19:02:57.490644,6,10
997,-78.6962926,35.7281124,79.997,12.193,2022-01-26 19:02:58.491105,6,10
998,-78.6962801,35.7280686,79.998,12.193,2022-01-26 19:02:59.491821,6,10
999,-78.6962676,35.728025,79.998,12.193,2022-01-26 19:03:00.492853,6,10
1000,-78.6962551,35.7279813,79.998,12.193,2022-01-26 19:03:01.494122,6,10
1001,-78.6962426,35.7279378,79.999,12.193,2022-01-26 19:03:02.494448,6,10
1002,-78.6962301,35.7278941,79.997,12.193,2022-01-26 19:03:03.496555,6,10
1003,-78.6962176,35.7278505,79.997,12.193,2022-01-26 19:03:04.497480,6,10
1004,-78.6962052,35.7278069,79.997,12.193,2022-01-26 19:03:05.498376,6,10
1005,-78.6961927,35.7277634,79.997,12.193,2022-01-26 19:03:06.498716,6,10
1006,-78.6961803,35.7277201,79.998,12.193,2022-01-26 19:03:07.499285,6,10
1007,-78.6961686,35.7276795,80.0,12.242,2022-01-26 19:03:08.499656,6,10
1008,-78.6961586,35.7276449,79.998,12.242,2022-01-26 19:03:09.500386,6,10
1009,-78.6961512,35.7276196,79.996,12.242,2022-01-26 19:03:10.501092,6,10
1010,-78.6961473,35.7276062,79.994,12.242,2022-01-26 19:03:11.502350,6,10
1011,-78.6961465,35.7276036,79.993,12.242,2022-01-26 19:03:12.503695,6,10
1012,-78.6961469,35.727605,79.991,12.242,2022-01-26 19:03:13.504096,6,10
1013,-78.6961474,35.7276065,79.993,12.242,2022-01-26 19:03:14.504430,6,10
1014,-78.6961474,35.7276054,79.995,12.242,2022-01-26 19:03:15.505488,6,10
1015,-78.6961468,35.7275972,79.998,12.242,2022-01-26 19:03:16.505954,6,10
1016,-78.6961453,35.7275817,80.0,12.242,2022-01-26 19:03:17.507699,6,10
1017,-78.6961431,35.7275579,80.0,12.193,2022-01-26 19:03:18.508079,6,10
1018,-78.6961402,35.7275277,80.001,12.193,2022-01-26 19:03:19.508548,6,10
1019,-78.6961369,35.727493,79.999,12.193,2022-01-26 19:03:20.509851,6,10
1020,-78.6961332,35.7274556,80.0,12.193,2022-01-26 19:03:21.510353,6,10
1021,-78.6961294,35.7274162,79.997,12.193,2022-01-26 19:03:22.511421,6,10
1022,-78.6961254,35.7273764,79.999,12.193,2022-01-26 19:03:23.512347,6,10
1023,-78.6961216,35.7273388,80.0,12.242,2022-01-26 19:03:24.513643,6,10
1024,-78.6961184,35.7273078,80.001,12.242,2022-01-26 19:03:25.514749,6,10
1025,-78.6961161,35.7272865,79.985,12.242,2022-01-26 19:03:26.515634,6,10
1026,-78.696115,35.7272779,79.538,12.291,2022-01-26 19:03:27.516808,6,10
1027,-78.696115,35.7272775,78.151,12.291,2022-01-26 19:03:28.517506,6,10
1028,-78.6961152,35.7272794,76.573,12.242,2022-01-26 19:03:29.518026,6,10
1029,-78.6961155,35.7272807,75.068,12.242,2022-01-26 19:03:30.519634,6,10
1030,-78.6961157,35.727281,73.576,12.242,2022-01-26 19:03:31.521080,6,10
1031,-78.6961157,35.7272808,72.077,12.242,2022-01-26 19:03:32.521652,6,10
1032,-78.6961158,35.7272804,70.583,12.242,2022-01-26 19:03:33.522043,6,10
1033,-78.6961157,35.7272803,69.084,12.242,2022-01-26 19:03:34.522735,6,10
1034,-78.6961157,35.7272803,67.586,12.242,2022-01-26 19:03:35.523991,6,10
1035,-78.6961156,35.7272803,66.087,12.242,2022-01-26 19:03:36.524426,6,10
1036,-78.6961157,35.7272803,64.588,12.242,2022-01-26 19:03:37.526459,6,10
1037,-78.6961158,35.7272803,63.09,12.242,2022-01-26 19:03:38.528302,6,10
1038,-78.6961159,35.7272804,61.589,12.242,2022-01-26 19:03:39.528898,6,10
1039,-78.6961158,35.7272805,60.093,12.242,2022-01-26 19:03:40.529309,6,10
1040,-78.6961157,35.7272805,58.591,12.242,2022-01-26 19:03:41.529669,6,10
1041,-78.6961157,35.7272805,57.095,12.242,2022-01-26 19:03:42.530779,6,10
1042,-78.6961158,35.7272804,55.594,12.242,2022-01-26 19:03:43.531532,6,10
1043,-78.6961158,35.7272804,54.097,12.242,2022-01-26 19:03:44.533361,6,10
1044,-78.6961159,35.7272804,52.594,12.242,2022-01-26 19:03:45.534936,6,10
1045,-78.6961158,35.7272804,51.097,12.242,2022-01-26 19:03:46.536950,6,10
1046,-78.6961157,35.7272804,49.594,12.242,2022-01-26 19:03:47.538173,6,10
1047,-78.6961158,35.7272805,48.096,12.242,2022-01-26 19:03:48.538809,6,10
1048,-78.6961158,35.7272805,46.592,12.242,2022-01-26 19:03:49.540501,6,10
1049,-78.6961158,35.7272805,45.093,12.242,2022-01-26 19:03:50.541830,6,10
1050,-78.6961158,35.7272805,43.59,12.242,2022-01-26 19:03:51.542229,6,10
1051,-78.6961158,35.7272805,42.093,12.242,2022-01-26 19:03:52.543290,6,10
1052,-78.6961158,35.7272805,40.59,12.242,2022-01-26 19:03:53.544395,6,10
1053,-78.6961159,35.7272805,39.091,12.242,2022-01-26 19:03:54.544851,6,10
1054,-78.6961159,35.7272805,37.589,12.242,2022-01-26 19:03:55.545459,6,10
1055,-78.6961158,35.7272806,36.092,12.242,2022-01-26 19:03:56.546114,6,10
1056,-78.6961158,35.7272806,34.59,12.242,2022-01-26 19:03:57.547695,6,10
1057,-78.6961159,35.7272806,33.092,12.242,2022-01-26 19:03:58.548123,6,10
1058,-78.696116,35.7272806,31.59,12.242,2022-01-26 19:03:59.549308,6,10
1059,-78.6961159,35.7272806,30.093,12.242,2022-01-26 19:04:00.550333,6,10
1060,-78.6961159,35.7272805,28.593,12.242,2022-01-26 19:04:01.551121,6,10
1061,-78.6961159,35.7272806,27.094,12.242,2022-01-26 19:04:02.551979,6,10
1062,-78.6961159,35.7272806,25.593,12.242,2022-01-26 19:04:03.552991,6,10
1063,-78.6961159,35.7272806,24.088,12.242,2022-01-26 19:04:04.553840,6,10
1064,-78.6961159,35.7272806,22.589,12.242,2022-01-26 19:04:05.554266,6,10
1065,-78.6961159,35.7272806,21.088,12.242,2022-01-26 19:04:06.554938,6,10
1066,-78.696116,35.7272806,19.592,12.242,2022-01-26 19:04:07.556025,6,10
1067,-78.696116,35.7272806,18.091,12.242,2022-01-26 19:04:08.556453,6,10
1068,-78.696116,35.7272806,16.594,12.242,2022-01-26 19:04:09.557685,6,10
1069,-78.6961159,35.7272806,15.092,12.242,2022-01-26 19:04:10.558988,6,10
1070,-78.6961159,35.7272806,13.595,12.242,2022-01-26 19:04:11.560771,6,10
1071,-78.696116,35.7272806,12.093,12.242,2022-01-26 19:04:12.561805,6,10
1072,-78.696116,35.7272806,10.634,12.242,2022-01-26 19:04:13.562795,6,10
1073,-78.696116,35.7272807,9.739,12.242,2022-01-26 19:04:14.563778,6,10
1074,-78.6961161,35.7272807,9.32,12.242,2022-01-26 19:04:15.565051,6,10
1075,-78.696116,35.7272807,8.837,12.242,2022-01-26 19:04:16.566016,6,10
1076,-78.696116,35.7272807,8.333,12.242,2022-01-26 19:04:17.566959,6,10
1077,-78.696116,35.7272806,7.828,12.242,2022-01-26 19:04:18.567606,6,10
1078,-78.696116,35.7272807,7.325,12.242,2022-01-26 19:04:19.568133,6,10
1079,-78.696116,35.7272807,6.818,12.242,2022-01-26 19:04:20.569420,6,10
1080,-78.696116,35.7272807,6.318,12.242,2022-01-26 19:04:21.569766,6,10
1081,-78.696116,35.7272808,5.815,12.242,2022-01-26 19:04:22.570844,6,10
1082,-78.6961161,35.7272808,5.315,12.242,2022-01-26 19:04:23.571325,6,10
1083,-78.6961161,35.7272807,4.812,12.242,2022-01-26 19:04:24.571599,6,10
1084,-78.6961161,35.7272807,4.312,12.242,2022-01-26 19:04:25.572002,6,10
1085,-78.6961161,35.7272807,3.811,12.242,2022-01-26 19:04:26.572667,6,10
1086,-78.696116,35.7272808,3.311,12.242,2022-01-26 19:04:27.572924,6,10
1087,-78.6961161,35.7272808,2.813,12.242,2022-01-26 19:04:28.574981,6,10
1088,-78.6961162,35.7272808,2.312,12.242,2022-01-26 19:04:29.576679,6,10
1089,-78.6961162,35.7272807,1.81,12.242,2022-01-26 19:04:30.577942,6,10
1090,-78.6961161,35.7272808,1.308,12.242,2022-01-26 19:04:31.579623,6,10
1091,-78.6961161,35.7272808,0.81,12.242,2022-01-26 19:04:32.581187,6,10
1092,-78.6961161,35.7272808,0.309,12.242,2022-01-26 19:04:33.582756,6,10
1093,-78.6961161,35.7272808,0.049,12.538,2022-01-26 19:04:34.584069,6,10
1094,-78.6961161,35.7272807,0.024,12.538,2022-01-26 19:04:35.586068,6,10
