1,-78.6961088,35.7272778,0.0,12.587,2022-02-07 09:48:01.101769,6,10
2,-78.6961088,35.7272778,0.0,12.587,2022-02-07 09:48:02.102910,6,10
3,-78.6961088,35.7272778,0.0,12.587,2022-02-07 09:48:03.103715,6,10
4,-78.6961087,35.7272778,0.001,12.587,2022-02-07 09:48:04.104516,6,10
5,-78.6961087,35.7272778,0.001,12.587,2022-02-07 09:48:05.105298,6,10
6,-78.6961087,35.7272778,0.001,12.587,2022-02-07 09:48:06.105729,6,10
7,-78.6961087,35.7272778,0.001,12.587,2022-02-07 09:48:07.106823,6,10
8,-78.6961087,35.7272778,0.001,12.587,2022-02-07 09:48:08.108239,6,10
9,-78.6961087,35.7272778,0.001,12.489,2022-02-07 09:48:09.109554,6,10
10,-78.6961087,35.7272778,0.071,12.094,2022-02-07 09:48:10.111791,6,10
11,-78.6961099,35.7272789,1.321,12.143,2022-02-07 09:48:11.113570,6,10
12,-78.6961114,35.7272802,3.273,12.193,2022-02-07 09:48:12.114430,6,10
13,-78.696111,35.72728,5.463,12.193,2022-02-07 09:48:13.115648,6,10
14,-78.6961104,35.7272794,7.765,12.193,2022-02-07 09:48:14.117236,6,10
15,-78.6961104,35.7272794,10.134,12.193,2022-02-07 09:48:15.118428,6,10
16,-78.6961107,35.7272796,12.545,12.193,2022-02-07 09:48:16.119673,6,10
17,-78.696111,35.7272798,14.989,12.193,2022-02-07 09:48:17.120988,6,10
18,-78.696111,35.7272798,17.452,12.193,2022-02-07 09:48:18.123425,6,10
19,-78.696111,35.7272797,19.925,12.193,2022-02-07 09:48:19.124774,6,10
20,-78.696111,35.7272797,22.405,12.193,2022-02-07 09:48:20.125566,6,10
21,-78.696111,35.7272798,24.887,12.193,2022-02-07 09:48:21.126647,6,10
22,-78.6961112,35.72728,27.295,12.193,2022-02-07 09:48:22.127405,6,10
23,-78.6961113,35.7272801,29.028,12.242,2022-02-07 09:48:23.128154,6,10
24,-78.6961114,35.7272801,29.69,12.242,2022-02-07 09:48:24.129147,6,10
25,-78.6961114,35.72728,29.867,12.242,2022-02-07 09:48:25.129864,6,10
26,-78.6961114,35.7272801,29.929,12.242,2022-02-07 09:48:26.131015,6,10
27,-78.6961114,35.7272802,29.956,12.242,2022-02-07 09:48:27.132122,6,10
28,-78.6961115,35.7272802,29.968,12.242,2022-02-07 09:48:28.133447,6,10
29,-78.6961115,35.7272802,29.975,12.242,2022-02-07 09:48:29.134671,6,10
30,-78.6961115,35.7272802,29.977,12.242,2022-02-07 09:48:30.135895,6,10
31,-78.696115,35.7272798,29.98,12.242,2022-02-07 09:48:31.136495,6,10
32,-78.6961261,35.7272788,29.979,12.242,2022-02-07 09:48:32.138899,6,10
33,-78.6961456,35.7272771,29.979,12.242,2022-02-07 09:48:33.139639,6,10
34,-78.6961747,35.7272745,29.977,12.193,2022-02-07 09:48:34.141158,6,10
35,-78.696212,35.7272713,29.976,12.193,2022-02-07 09:48:35.142503,6,10
36,-78.6962549,35.7272676,29.975,12.193,2022-02-07 09:48:36.143800,6,10
37,-78.6963014,35.7272638,29.976,12.193,2022-02-07 09:48:37.144146,6,10
38,-78.6963503,35.7272601,29.979,12.193,2022-02-07 09:48:38.146132,6,10
39,-78.6964007,35.7272564,29.984,12.193,2022-02-07 09:48:39.147571,6,10
40,-78.6964502,35.727253,29.989,12.242,2022-02-07 09:48:40.148183,6,10
41,-78.6964944,35.7272502,29.996,12.242,2022-02-07 09:48:41.149562,6,10
42,-78.6965281,35.7272485,30.002,12.242,2022-02-07 09:48:42.151107,6,10
43,-78.6965462,35.7272481,30.005,12.242,2022-02-07 09:48:43.152104,6,10
44,-78.6965498,35.7272483,30.009,12.242,2022-02-07 09:48:44.153514,6,10
45,-78.6965477,35.7272484,30.009,12.242,2022-02-07 09:48:45.154947,6,10
46,-78.6965456,35.7272479,30.006,12.242,2022-02-07 09:48:46.156707,6,10
47,-78.6965449,35.727247,30.006,12.242,2022-02-07 09:48:47.157940,6,10
48,-78.6965447,35.7272463,30.002,12.242,2022-02-07 09:48:48.158439,6,10
49,-78.6965406,35.7272433,30.0,12.242,2022-02-07 09:48:49.159099,6,10
50,-78.6965301,35.7272361,29.995,12.242,2022-02-07 09:48:50.161782,6,10
51,-78.6965126,35.7272239,29.991,12.193,2022-02-07 09:48:51.164937,6,10
52,-78.6964877,35.7272066,29.991,12.193,2022-02-07 09:48:52.165634,6,10
53,-78.6964574,35.7271854,29.99,12.193,2022-02-07 09:48:53.166865,6,10
54,-78.6964236,35.7271615,29.989,12.193,2022-02-07 09:48:54.168284,6,10
55,-78.6963877,35.7271357,29.991,12.193,2022-02-07 09:48:55.168772,6,10
56,-78.6963504,35.7271086,29.992,12.193,2022-02-07 09:48:56.169914,6,10
57,-78.6963123,35.7270805,29.996,12.193,2022-02-07 09:48:57.170517,6,10
58,-78.6962736,35.7270518,29.999,12.193,2022-02-07 09:48:58.172400,6,10
59,-78.6962345,35.7270228,30.001,12.193,2022-02-07 09:48:59.173382,6,10
60,-78.6961951,35.7269934,30.001,12.193,2022-02-07 09:49:00.174594,6,10
61,-78.6961553,35.7269639,30.001,12.193,2022-02-07 09:49:01.175460,6,10
62,-78.6961152,35.7269342,30.0,12.193,2022-02-07 09:49:02.176508,6,10
63,-78.6960752,35.7269046,30.003,12.193,2022-02-07 09:49:03.177204,6,10
64,-78.696037,35.7268761,30.006,12.242,2022-02-07 09:49:04.179506,6,10
65,-78.6960039,35.7268511,30.01,12.242,2022-02-07 09:49:05.180544,6,10
66,-78.6959796,35.726832,30.013,12.242,2022-02-07 09:49:06.181688,6,10
67,-78.6959671,35.7268214,30.014,12.242,2022-02-07 09:49:07.183192,6,10
68,-78.6959651,35.726819,30.011,12.242,2022-02-07 09:49:08.184077,6,10
69,-78.6959666,35.7268204,30.007,12.242,2022-02-07 09:49:09.185240,6,10
70,-78.6959676,35.7268222,29.999,12.242,2022-02-07 09:49:10.185763,6,10
71,-78.6959672,35.7268232,30.0,12.242,2022-02-07 09:49:11.186646,6,10
72,-78.6959662,35.7268236,30.004,12.242,2022-02-07 09:49:12.187729,6,10
73,-78.6959609,35.7268249,29.999,12.242,2022-02-07 09:49:13.189383,6,10
74,-78.6959485,35.7268281,29.993,12.242,2022-02-07 09:49:14.191001,6,10
75,-78.6959284,35.7268335,29.989,12.242,2022-02-07 09:49:15.191431,6,10
76,-78.6958992,35.7268412,29.983,12.193,2022-02-07 09:49:16.192002,6,10
77,-78.6958625,35.7268506,29.983,12.193,2022-02-07 09:49:17.192743,6,10
78,-78.6958209,35.726861,29.983,12.193,2022-02-07 09:49:18.193793,6,10
79,-78.6957759,35.7268718,29.984,12.193,2022-02-07 09:49:19.195992,6,10
80,-78.6957288,35.7268829,29.988,12.193,2022-02-07 09:49:20.197304,6,10
81,-78.6956804,35.7268942,29.99,12.193,2022-02-07 09:49:21.198592,6,10
82,-78.695631,35.7269056,29.993,12.193,2022-02-07 09:49:22.199818,6,10
83,-78.6955808,35.7269174,29.994,12.193,2022-02-07 09:49:23.202379,6,10
84,-78.69553,35.7269292,29.995,12.193,2022-02-07 09:49:24.203613,6,10
85,-78.6954788,35.7269414,29.998,12.193,2022-02-07 09:49:25.204147,6,10
86,-78.6954271,35.7269537,29.998,12.193,2022-02-07 09:49:26.205806,6,10
87,-78.6953752,35.7269661,29.998,12.193,2022-02-07 09:49:27.206397,6,10
88,-78.6953231,35.7269785,29.999,12.193,2022-02-07 09:49:28.207577,6,10
89,-78.6952708,35.7269911,29.999,12.193,2022-02-07 09:49:29.209021,6,10
90,-78.6952189,35.7270035,30.003,12.193,2022-02-07 09:49:30.210396,6,10
91,-78.695171,35.7270147,30.005,12.242,2022-02-07 09:49:31.211675,6,10
92,-78.6951316,35.7270236,30.006,12.242,2022-02-07 09:49:32.212399,6,10
93,-78.6951046,35.727029,30.005,12.242,2022-02-07 09:49:33.213809,6,10
94,-78.6950937,35.7270307,30.001,12.242,2022-02-07 09:49:34.215189,6,10
95,-78.6950934,35.7270304,30.0,12.242,2022-02-07 09:49:35.216115,6,10
96,-78.695096,35.7270303,29.994,12.242,2022-02-07 09:49:36.217236,6,10
97,-78.6950977,35.7270308,29.994,12.242,2022-02-07 09:49:37.218184,6,10
98,-78.695098,35.727031,29.993,12.242,2022-02-07 09:49:38.220576,6,10
99,-78.6950956,35.7270249,29.997,12.242,2022-02-07 09:49:39.221516,6,10
100,-78.6950904,35.7270113,29.998,12.242,2022-02-07 09:49:40.222080,6,10
101,-78.6950829,35.7269893,29.996,12.193,2022-02-07 09:49:41.224215,6,10
102,-78.6950733,35.7269603,29.997,12.193,2022-02-07 09:49:42.225029,6,10
103,-78.6950628,35.7269265,29.999,12.193,2022-02-07 09:49:43.225868,6,10
104,-78.6950517,35.7268895,29.999,12.193,2022-02-07 09:49:44.226986,6,10
105,-78.6950405,35.7268504,29.999,12.193,2022-02-07 09:49:45.228045,6,10
106,-78.6950289,35.72681,30.001,12.193,2022-02-07 09:49:46.228778,6,10
107,-78.6950171,35.7267688,29.999,12.193,2022-02-07 09:49:47.230323,6,10
108,-78.6950049,35.726727,30.0,12.193,2022-02-07 09:49:48.231234,6,10
109,-78.6949924,35.726685,30.0,12.193,2022-02-07 09:49:49.231772,6,10
110,-78.6949795,35.7266427,30.0,12.193,2022-02-07 09:49:50.232480,6,10
111,-78.6949665,35.7266001,30.002,12.193,2022-02-07 09:49:51.233101,6,10
112,-78.6949534,35.7265574,30.003,12.193,2022-02-07 09:49:52.235453,6,10
113,-78.6949402,35.7265144,30.002,12.193,2022-02-07 09:49:53.236087,6,10
114,-78.694927,35.7264713,30.002,12.193,2022-02-07 09:49:54.237110,6,10
115,-78.6949137,35.7264281,30.002,12.193,2022-02-07 09:49:55.238128,6,10
116,-78.6949005,35.7263849,30.003,12.193,2022-02-07 09:49:56.239042,6,10
117,-78.6948872,35.7263415,30.003,12.193,2022-02-07 09:49:57.240771,6,10
118,-78.694874,35.7262982,30.004,12.193,2022-02-07 09:49:58.241724,6,10
119,-78.6948607,35.7262548,30.003,12.193,2022-02-07 09:49:59.242109,6,10
120,-78.6948474,35.7262114,30.002,12.193,2022-02-07 09:50:00.242798,6,10
121,-78.6948341,35.7261679,30.002,12.193,2022-02-07 09:50:01.244208,6,10
122,-78.6948209,35.7261244,30.003,12.193,2022-02-07 09:50:02.244461,6,10
123,-78.6948077,35.7260808,30.003,12.193,2022-02-07 09:50:03.246838,6,10
124,-78.6947945,35.7260373,30.007,12.193,2022-02-07 09:50:04.247223,6,10
125,-78.6947812,35.7259938,30.005,12.193,2022-02-07 09:50:05.248596,6,10
126,-78.6947679,35.7259503,30.002,12.193,2022-02-07 09:50:06.249268,6,10
127,-78.6947546,35.7259068,30.002,12.193,2022-02-07 09:50:07.250230,6,10
128,-78.6947413,35.7258633,30.003,12.193,2022-02-07 09:50:08.251420,6,10
129,-78.694728,35.7258197,30.002,12.193,2022-02-07 09:50:09.252161,6,10
130,-78.6947148,35.7257761,30.002,12.193,2022-02-07 09:50:10.252733,6,10
131,-78.6947015,35.7257325,30.002,12.193,2022-02-07 09:50:11.254019,6,10
132,-78.6946882,35.7256889,30.002,12.193,2022-02-07 09:50:12.254841,6,10
133,-78.6946749,35.7256454,30.002,12.193,2022-02-07 09:50:13.255611,6,10
134,-78.6946616,35.7256019,30.001,12.193,2022-02-07 09:50:14.256413,6,10
135,-78.6946483,35.7255584,30.001,12.193,2022-02-07 09:50:15.256955,6,10
136,-78.6946351,35.7255149,30.001,12.193,2022-02-07 09:50:16.257724,6,10
137,-78.6946218,35.7254714,30.0,12.193,2022-02-07 09:50:17.258557,6,10
138,-78.6946089,35.7254287,30.003,12.193,2022-02-07 09:50:18.260057,6,10
139,-78.6945972,35.7253897,30.005,12.242,2022-02-07 09:50:19.260447,6,10
140,-78.6945879,35.725358,30.006,12.242,2022-02-07 09:50:20.261618,6,10
141,-78.6945818,35.7253367,30.005,12.242,2022-02-07 09:50:21.263899,6,10
142,-78.6945796,35.7253283,30.003,12.242,2022-02-07 09:50:22.265289,6,10
143,-78.6945796,35.7253281,30.0,12.242,2022-02-07 09:50:23.266590,6,10
144,-78.6945798,35.72533,29.994,12.242,2022-02-07 09:50:24.267771,6,10
145,-78.6945795,35.7253313,29.995,12.242,2022-02-07 09:50:25.268912,6,10
146,-78.694579,35.7253316,29.995,12.242,2022-02-07 09:50:26.270347,6,10
147,-78.6945822,35.7253315,29.997,12.242,2022-02-07 09:50:27.271268,6,10
148,-78.6945942,35.7253315,29.997,12.242,2022-02-07 09:50:28.272492,6,10
149,-78.6946158,35.7253315,29.991,12.242,2022-02-07 09:50:29.273122,6,10
150,-78.6946474,35.7253319,29.991,12.193,2022-02-07 09:50:30.273563,6,10
151,-78.6946866,35.7253328,29.99,12.193,2022-02-07 09:50:31.274305,6,10
152,-78.6947308,35.725334,29.989,12.193,2022-02-07 09:50:32.275445,6,10
153,-78.6947783,35.7253354,29.993,12.193,2022-02-07 09:50:33.276296,6,10
154,-78.6948278,35.7253371,29.994,12.193,2022-02-07 09:50:34.276741,6,10
155,-78.6948787,35.7253388,29.996,12.193,2022-02-07 09:50:35.277051,6,10
156,-78.6949306,35.7253405,29.997,12.193,2022-02-07 09:50:36.277248,6,10
157,-78.6949832,35.7253421,29.997,12.193,2022-02-07 09:50:37.277885,6,10
158,-78.6950364,35.7253437,29.996,12.193,2022-02-07 09:50:38.278554,6,10
159,-78.6950899,35.7253452,29.995,12.193,2022-02-07 09:50:39.278963,6,10
160,-78.6951439,35.7253467,29.994,12.193,2022-02-07 09:50:40.279775,6,10
161,-78.6951981,35.7253482,29.994,12.193,2022-02-07 09:50:41.281288,6,10
162,-78.6952526,35.7253497,29.993,12.193,2022-02-07 09:50:42.281833,6,10
163,-78.6953073,35.7253512,29.992,12.193,2022-02-07 09:50:43.283395,6,10
164,-78.695362,35.7253527,29.991,12.193,2022-02-07 09:50:44.284651,6,10
165,-78.6954169,35.7253542,29.993,12.193,2022-02-07 09:50:45.285812,6,10
166,-78.6954718,35.7253557,29.994,12.193,2022-02-07 09:50:46.286485,6,10
167,-78.6955267,35.7253573,29.994,12.193,2022-02-07 09:50:47.289040,6,10
168,-78.6955817,35.7253588,29.993,12.193,2022-02-07 09:50:48.290301,6,10
169,-78.6956367,35.7253603,29.993,12.193,2022-02-07 09:50:49.292192,6,10
170,-78.6956917,35.7253618,29.994,12.193,2022-02-07 09:50:50.293080,6,10
171,-78.6957469,35.7253634,29.994,12.193,2022-02-07 09:50:51.293459,6,10
172,-78.6958021,35.7253649,29.995,12.193,2022-02-07 09:50:52.294446,6,10
173,-78.6958573,35.7253665,29.992,12.193,2022-02-07 09:50:53.295738,6,10
174,-78.6959124,35.725368,29.99,12.193,2022-02-07 09:50:54.296551,6,10
175,-78.6959676,35.7253696,29.991,12.193,2022-02-07 09:50:55.296973,6,10
176,-78.6960228,35.7253711,29.991,12.193,2022-02-07 09:50:56.298340,6,10
177,-78.6960779,35.7253727,29.991,12.193,2022-02-07 09:50:57.299059,6,10
178,-78.696133,35.7253743,29.992,12.193,2022-02-07 09:50:58.300099,6,10
179,-78.6961882,35.7253758,29.992,12.193,2022-02-07 09:50:59.301291,6,10
180,-78.6962433,35.7253772,29.991,12.193,2022-02-07 09:51:00.301778,6,10
181,-78.6962985,35.7253787,29.991,12.193,2022-02-07 09:51:01.302668,6,10
182,-78.6963537,35.7253803,29.992,12.193,2022-02-07 09:51:02.303387,6,10
183,-78.696409,35.7253819,29.995,12.193,2022-02-07 09:51:03.305144,6,10
184,-78.6964642,35.7253834,29.995,12.193,2022-02-07 09:51:04.307163,6,10
185,-78.6965194,35.725385,29.994,12.193,2022-02-07 09:51:05.307751,6,10
186,-78.6965746,35.7253865,29.995,12.193,2022-02-07 09:51:06.308648,6,10
187,-78.6966297,35.725388,29.996,12.193,2022-02-07 09:51:07.309649,6,10
188,-78.6966849,35.7253895,29.997,12.193,2022-02-07 09:51:08.310712,6,10
189,-78.6967401,35.7253911,29.998,12.193,2022-02-07 09:51:09.311543,6,10
190,-78.6967953,35.7253926,29.998,12.193,2022-02-07 09:51:10.312792,6,10
191,-78.6968505,35.7253942,29.996,12.193,2022-02-07 09:51:11.313427,6,10
192,-78.6969058,35.7253957,29.995,12.193,2022-02-07 09:51:12.313990,6,10
193,-78.696961,35.7253972,29.993,12.193,2022-02-07 09:51:13.315220,6,10
194,-78.6970162,35.7253988,29.994,12.193,2022-02-07 09:51:14.315998,6,10
195,-78.6970713,35.7254003,29.994,12.193,2022-02-07 09:51:15.316897,6,10
196,-78.6971265,35.7254019,29.994,12.193,2022-02-07 09:51:16.318321,6,10
197,-78.6971816,35.7254034,29.995,12.193,2022-02-07 09:51:17.320253,6,10
198,-78.6972366,35.725405,29.994,12.193,2022-02-07 09:51:18.320664,6,10
199,-78.6972917,35.7254065,29.993,12.193,2022-02-07 09:51:19.321296,6,10
200,-78.6973467,35.7254081,29.993,12.193,2022-02-07 09:51:20.322648,6,10
201,-78.6974018,35.7254096,29.994,12.193,2022-02-07 09:51:21.323964,6,10
202,-78.6974568,35.7254111,29.995,12.193,2022-02-07 09:51:22.324214,6,10
203,-78.6975118,35.7254126,29.999,12.193,2022-02-07 09:51:23.324921,6,10
204,-78.6975668,35.7254141,29.999,12.193,2022-02-07 09:51:24.325439,6,10
205,-78.6976218,35.7254157,30.0,12.193,2022-02-07 09:51:25.325790,6,10
206,-78.6976767,35.7254172,30.001,12.193,2022-02-07 09:51:26.326602,6,10
207,-78.6977316,35.7254187,29.999,12.193,2022-02-07 09:51:27.328392,6,10
208,-78.6977866,35.7254203,29.998,12.193,2022-02-07 09:51:28.328614,6,10
209,-78.6978415,35.7254218,30.0,12.193,2022-02-07 09:51:29.329864,6,10
210,-78.6978964,35.7254232,30.001,12.193,2022-02-07 09:51:30.331266,6,10
211,-78.6979513,35.7254248,30.0,12.193,2022-02-07 09:51:31.332366,6,10
212,-78.6980062,35.7254263,29.999,12.193,2022-02-07 09:51:32.333213,6,10
213,-78.6980594,35.7254278,30.001,12.242,2022-02-07 09:51:33.333975,6,10
214,-78.6981071,35.7254292,30.005,12.242,2022-02-07 09:51:34.334479,6,10
215,-78.6981449,35.7254302,30.004,12.242,2022-02-07 09:51:35.335396,6,10
216,-78.6981696,35.7254306,30.0,12.242,2022-02-07 09:51:36.336019,6,10
217,-78.6981786,35.7254307,29.994,12.242,2022-02-07 09:51:37.337311,6,10
218,-78.6981785,35.7254307,29.991,12.242,2022-02-07 09:51:38.338070,6,10
219,-78.6981765,35.7254307,29.99,12.242,2022-02-07 09:51:39.338797,6,10
220,-78.6981807,35.725431,29.991,12.242,2022-02-07 09:51:40.339365,6,10
221,-78.6981942,35.7254318,29.995,12.242,2022-02-07 09:51:41.340328,6,10
222,-78.6982177,35.7254329,29.998,12.193,2022-02-07 09:51:42.342651,6,10
223,-78.6982508,35.7254346,30.0,12.193,2022-02-07 09:51:43.343652,6,10
224,-78.6982908,35.7254365,30.002,12.193,2022-02-07 09:51:44.344465,6,10
225,-78.6983353,35.7254386,30.001,12.193,2022-02-07 09:51:45.345807,6,10
226,-78.6983827,35.7254408,30.002,12.193,2022-02-07 09:51:46.346604,6,10
227,-78.6984319,35.725443,30.001,12.193,2022-02-07 09:51:47.347277,6,10
228,-78.6984825,35.7254452,30.0,12.193,2022-02-07 09:51:48.348067,6,10
229,-78.6985341,35.7254474,30.001,12.193,2022-02-07 09:51:49.348699,6,10
230,-78.6985864,35.7254497,30.001,12.193,2022-02-07 09:51:50.349397,6,10
231,-78.6986394,35.7254521,30.001,12.193,2022-02-07 09:51:51.350037,6,10
232,-78.6986928,35.7254545,30.002,12.193,2022-02-07 09:51:52.350428,6,10
233,-78.6987466,35.7254569,30.001,12.193,2022-02-07 09:51:53.351309,6,10
234,-78.6988006,35.7254593,30.0,12.193,2022-02-07 09:51:54.352130,6,10
235,-78.6988549,35.7254617,29.998,12.193,2022-02-07 09:51:55.353362,6,10
236,-78.6989093,35.7254641,29.998,12.193,2022-02-07 09:51:56.354113,6,10
237,-78.6989637,35.7254666,29.999,12.193,2022-02-07 09:51:57.355278,6,10
238,-78.6990181,35.725469,29.998,12.193,2022-02-07 09:51:58.355918,6,10
239,-78.6990725,35.7254715,29.998,12.193,2022-02-07 09:51:59.357105,6,10
240,-78.6991268,35.725474,29.998,12.193,2022-02-07 09:52:00.358215,6,10
241,-78.6991812,35.7254764,29.997,12.193,2022-02-07 09:52:01.358637,6,10
242,-78.6992355,35.7254788,29.997,12.193,2022-02-07 09:52:02.359744,6,10
243,-78.6992898,35.7254813,29.996,12.193,2022-02-07 09:52:03.360458,6,10
244,-78.6993442,35.7254837,29.997,12.193,2022-02-07 09:52:04.361343,6,10
245,-78.6993984,35.7254861,29.997,12.193,2022-02-07 09:52:05.362088,6,10
246,-78.6994528,35.7254886,29.994,12.193,2022-02-07 09:52:06.363183,6,10
247,-78.6995071,35.725491,29.995,12.193,2022-02-07 09:52:07.364554,6,10
248,-78.6995614,35.7254935,29.994,12.193,2022-02-07 09:52:08.365678,6,10
249,-78.6996158,35.7254959,29.995,12.193,2022-02-07 09:52:09.366613,6,10
250,-78.6996701,35.7254984,29.999,12.193,2022-02-07 09:52:10.368001,6,10
251,-78.6997243,35.7255008,29.998,12.193,2022-02-07 09:52:11.369145,6,10
252,-78.6997786,35.7255032,29.999,12.193,2022-02-07 09:52:12.369781,6,10
253,-78.6998329,35.7255056,29.999,12.193,2022-02-07 09:52:13.370555,6,10
254,-78.6998872,35.725508,29.997,12.193,2022-02-07 09:52:14.371148,6,10
255,-78.6999415,35.7255104,29.998,12.193,2022-02-07 09:52:15.373174,6,10
256,-78.6999958,35.7255129,29.997,12.193,2022-02-07 09:52:16.373701,6,10
257,-78.70005,35.7255154,29.998,12.193,2022-02-07 09:52:17.375188,6,10
258,-78.7001042,35.7255178,30.0,12.193,2022-02-07 09:52:18.375745,6,10
259,-78.7001583,35.7255202,29.998,12.193,2022-02-07 09:52:19.377878,6,10
260,-78.7002125,35.7255226,29.999,12.193,2022-02-07 09:52:20.379104,6,10
261,-78.7002666,35.7255251,29.998,12.193,2022-02-07 09:52:21.380524,6,10
262,-78.7003207,35.7255275,29.997,12.193,2022-02-07 09:52:22.381490,6,10
263,-78.7003747,35.7255299,29.996,12.193,2022-02-07 09:52:23.383149,6,10
264,-78.7004272,35.7255322,29.997,12.242,2022-02-07 09:52:24.383951,6,10
265,-78.7004744,35.7255342,29.997,12.242,2022-02-07 09:52:25.384677,6,10
266,-78.7005117,35.7255356,29.995,12.242,2022-02-07 09:52:26.385696,6,10
267,-78.7005363,35.7255362,29.988,12.242,2022-02-07 09:52:27.386823,6,10
268,-78.7005457,35.7255362,29.981,12.242,2022-02-07 09:52:28.389015,6,10
269,-78.7005457,35.7255361,29.977,12.242,2022-02-07 09:52:29.390915,6,10
270,-78.7005437,35.7255362,29.977,12.242,2022-02-07 09:52:30.393115,6,10
271,-78.7005424,35.7255366,29.98,12.242,2022-02-07 09:52:31.393560,6,10
272,-78.7005422,35.7255369,29.986,12.242,2022-02-07 09:52:32.394719,6,10
273,-78.700542,35.7255397,29.992,12.242,2022-02-07 09:52:33.395501,6,10
274,-78.7005405,35.7255487,29.994,12.242,2022-02-07 09:52:34.397139,6,10
275,-78.7005377,35.7255643,29.992,12.242,2022-02-07 09:52:35.397681,6,10
276,-78.7005333,35.7255875,29.991,12.193,2022-02-07 09:52:36.398907,6,10
277,-78.7005279,35.7256171,29.993,12.193,2022-02-07 09:52:37.400381,6,10
278,-78.7005219,35.7256509,29.997,12.193,2022-02-07 09:52:38.401119,6,10
279,-78.7005154,35.7256875,29.999,12.193,2022-02-07 09:52:39.401481,6,10
280,-78.7005087,35.725726,30.001,12.193,2022-02-07 09:52:40.402514,6,10
281,-78.7005019,35.7257658,30.002,12.193,2022-02-07 09:52:41.403195,6,10
282,-78.7004949,35.7258066,30.002,12.193,2022-02-07 09:52:42.404037,6,10
283,-78.7004878,35.7258481,30.003,12.193,2022-02-07 09:52:43.405790,6,10
284,-78.7004804,35.7258902,30.001,12.193,2022-02-07 09:52:44.406437,6,10
285,-78.7004729,35.7259329,30.002,12.193,2022-02-07 09:52:45.407360,6,10
286,-78.7004655,35.7259759,30.002,12.193,2022-02-07 09:52:46.408738,6,10
287,-78.7004578,35.7260192,30.003,12.193,2022-02-07 09:52:47.409937,6,10
288,-78.7004502,35.7260628,30.003,12.193,2022-02-07 09:52:48.411169,6,10
289,-78.7004426,35.7261064,30.003,12.193,2022-02-07 09:52:49.411948,6,10
290,-78.700435,35.72615,30.002,12.193,2022-02-07 09:52:50.413545,6,10
291,-78.7004275,35.7261937,30.003,12.193,2022-02-07 09:52:51.414631,6,10
292,-78.7004199,35.7262373,30.004,12.193,2022-02-07 09:52:52.415171,6,10
293,-78.7004123,35.7262809,30.002,12.193,2022-02-07 09:52:53.416137,6,10
294,-78.7004047,35.7263246,30.005,12.193,2022-02-07 09:52:54.417234,6,10
295,-78.700397,35.7263682,30.006,12.193,2022-02-07 09:52:55.418483,6,10
296,-78.7003894,35.7264119,30.006,12.193,2022-02-07 09:52:56.419224,6,10
297,-78.7003818,35.7264555,30.002,12.193,2022-02-07 09:52:57.421564,6,10
298,-78.7003742,35.7264991,29.999,12.193,2022-02-07 09:52:58.422908,6,10
299,-78.7003667,35.7265427,30.001,12.193,2022-02-07 09:52:59.423445,6,10
300,-78.7003591,35.7265863,30.001,12.193,2022-02-07 09:53:00.424020,6,10
301,-78.7003515,35.7266299,30.0,12.193,2022-02-07 09:53:01.424695,6,10
302,-78.7003439,35.7266735,30.0,12.193,2022-02-07 09:53:02.425219,6,10
303,-78.7003363,35.7267171,29.997,12.193,2022-02-07 09:53:03.425943,6,10
304,-78.7003287,35.7267607,29.998,12.193,2022-02-07 09:53:04.427259,6,10
305,-78.7003211,35.7268043,29.998,12.193,2022-02-07 09:53:05.428526,6,10
306,-78.7003135,35.7268479,30.0,12.193,2022-02-07 09:53:06.429514,6,10
307,-78.700306,35.7268914,30.001,12.193,2022-02-07 09:53:07.430184,6,10
308,-78.7002984,35.726935,30.002,12.193,2022-02-07 09:53:08.430690,6,10
309,-78.7002908,35.7269786,30.004,12.193,2022-02-07 09:53:09.431584,6,10
310,-78.7002832,35.7270222,30.005,12.193,2022-02-07 09:53:10.432828,6,10
311,-78.7002756,35.7270657,30.004,12.193,2022-02-07 09:53:11.433778,6,10
312,-78.700268,35.7271093,30.002,12.193,2022-02-07 09:53:12.434635,6,10
313,-78.7002604,35.7271528,30.002,12.193,2022-02-07 09:53:13.435438,6,10
314,-78.7002527,35.7271963,30.003,12.193,2022-02-07 09:53:14.436377,6,10
315,-78.7002451,35.7272398,30.003,12.193,2022-02-07 09:53:15.437451,6,10
316,-78.7002376,35.7272832,30.004,12.193,2022-02-07 09:53:16.437878,6,10
317,-78.7002301,35.7273267,30.003,12.193,2022-02-07 09:53:17.438984,6,10
318,-78.7002226,35.7273702,30.001,12.193,2022-02-07 09:53:18.440096,6,10
319,-78.7002151,35.7274136,30.001,12.193,2022-02-07 09:53:19.440887,6,10
320,-78.7002075,35.7274571,29.999,12.193,2022-02-07 09:53:20.441515,6,10
321,-78.7001999,35.7275006,29.997,12.193,2022-02-07 09:53:21.442191,6,10
322,-78.7001924,35.7275441,29.998,12.193,2022-02-07 09:53:22.444546,6,10
323,-78.7001848,35.7275875,29.998,12.193,2022-02-07 09:53:23.445359,6,10
324,-78.7001772,35.727631,30.0,12.193,2022-02-07 09:53:24.447063,6,10
325,-78.7001696,35.7276745,29.998,12.193,2022-02-07 09:53:25.447680,6,10
326,-78.7001621,35.7277179,29.998,12.193,2022-02-07 09:53:26.448336,6,10
327,-78.7001545,35.7277614,29.998,12.193,2022-02-07 09:53:27.448884,6,10
328,-78.7001471,35.7278048,29.999,12.193,2022-02-07 09:53:28.449899,6,10
329,-78.7001395,35.7278483,29.999,12.193,2022-02-07 09:53:29.450802,6,10
330,-78.7001301,35.7279025,30.001,12.193,2022-02-07 09:53:30.453190,6,10
331,-78.7001224,35.727946,30.001,12.193,2022-02-07 09:53:31.454545,6,10
332,-78.7001167,35.7279785,29.998,12.193,2022-02-07 09:53:32.455066,6,10
333,-78.7001091,35.728022,29.999,12.193,2022-02-07 09:53:33.456323,6,10
334,-78.7000997,35.7280762,29.999,12.193,2022-02-07 09:53:34.458433,6,10
335,-78.7000923,35.7281196,29.997,12.193,2022-02-07 09:53:35.459694,6,10
336,-78.7000847,35.728163,29.999,12.193,2022-02-07 09:53:36.461166,6,10
337,-78.7000772,35.7282063,29.999,12.193,2022-02-07 09:53:37.461839,6,10
338,-78.7000696,35.7282497,29.999,12.193,2022-02-07 09:53:38.462930,6,10
339,-78.7000621,35.7282931,29.997,12.193,2022-02-07 09:53:39.464696,6,10
340,-78.7000546,35.7283364,29.998,12.193,2022-02-07 09:53:40.465757,6,10
341,-78.7000471,35.7283798,29.999,12.193,2022-02-07 09:53:41.467292,6,10
342,-78.7000395,35.7284232,30.0,12.193,2022-02-07 09:53:42.469071,6,10
343,-78.7000319,35.7284665,30.001,12.193,2022-02-07 09:53:43.469797,6,10
344,-78.7000243,35.7285098,30.003,12.193,2022-02-07 09:53:44.470891,6,10
345,-78.7000168,35.7285532,30.002,12.193,2022-02-07 09:53:45.471777,6,10
346,-78.7000093,35.7285966,30.002,12.193,2022-02-07 09:53:46.472232,6,10
347,-78.7000018,35.7286399,30.002,12.193,2022-02-07 09:53:47.473476,6,10
348,-78.6999962,35.7286724,30.002,12.193,2022-02-07 09:53:48.473784,6,10
349,-78.6999886,35.7287157,30.001,12.193,2022-02-07 09:53:49.474641,6,10
350,-78.699981,35.728759,30.001,12.193,2022-02-07 09:53:50.475447,6,10
351,-78.6999735,35.7288023,29.998,12.193,2022-02-07 09:53:51.476993,6,10
352,-78.699966,35.7288456,29.999,12.193,2022-02-07 09:53:52.477789,6,10
353,-78.6999584,35.7288889,30.0,12.193,2022-02-07 09:53:53.478256,6,10
354,-78.6999509,35.7289322,30.001,12.193,2022-02-07 09:53:54.479181,6,10
355,-78.6999434,35.7289755,30.003,12.193,2022-02-07 09:53:55.480096,6,10
356,-78.6999358,35.7290188,30.001,12.193,2022-02-07 09:53:56.481024,6,10
357,-78.6999283,35.7290621,30.001,12.193,2022-02-07 09:53:57.482178,6,10
358,-78.6999208,35.7291054,30.001,12.193,2022-02-07 09:53:58.482702,6,10
359,-78.6999133,35.7291486,29.999,12.193,2022-02-07 09:53:59.483717,6,10
360,-78.6999058,35.7291919,29.999,12.193,2022-02-07 09:54:00.486029,6,10
361,-78.6998983,35.7292352,29.999,12.193,2022-02-07 09:54:01.486459,6,10
362,-78.6998907,35.7292785,29.999,12.193,2022-02-07 09:54:02.487550,6,10
363,-78.6998831,35.7293218,30.001,12.193,2022-02-07 09:54:03.488701,6,10
364,-78.6998756,35.7293651,30.002,12.193,2022-02-07 09:54:04.489965,6,10
365,-78.6998682,35.7294084,30.002,12.193,2022-02-07 09:54:05.490736,6,10
366,-78.6998607,35.7294518,30.002,12.193,2022-02-07 09:54:06.491876,6,10
367,-78.6998531,35.7294952,30.0,12.193,2022-02-07 09:54:07.492422,6,10
368,-78.6998456,35.7295386,29.998,12.193,2022-02-07 09:54:08.492901,6,10
369,-78.699838,35.729582,29.997,12.193,2022-02-07 09:54:09.494704,6,10
370,-78.6998306,35.7296254,29.996,12.193,2022-02-07 09:54:10.495686,6,10
371,-78.6998213,35.7296796,29.995,12.193,2022-02-07 09:54:11.498083,6,10
372,-78.6998156,35.7297122,29.997,12.193,2022-02-07 09:54:12.499020,6,10
373,-78.6998063,35.7297665,29.999,12.193,2022-02-07 09:54:13.499690,6,10
374,-78.6998006,35.7297991,29.998,12.193,2022-02-07 09:54:14.500174,6,10
375,-78.6997913,35.7298534,30.0,12.193,2022-02-07 09:54:15.502438,6,10
376,-78.6997856,35.729886,30.001,12.193,2022-02-07 09:54:16.502954,6,10
377,-78.6997781,35.7299294,29.999,12.193,2022-02-07 09:54:17.503839,6,10
378,-78.6997688,35.7299838,30.002,12.193,2022-02-07 09:54:18.504614,6,10
379,-78.6997631,35.7300164,30.002,12.193,2022-02-07 09:54:19.505239,6,10
380,-78.6997537,35.7300707,30.002,12.193,2022-02-07 09:54:20.506355,6,10
381,-78.6997462,35.7301136,30.005,12.193,2022-02-07 09:54:21.507229,6,10
382,-78.6997396,35.7301533,30.006,12.242,2022-02-07 09:54:22.508012,6,10
383,-78.6997346,35.7301863,30.004,12.242,2022-02-07 09:54:23.510499,6,10
384,-78.6997317,35.7302097,29.998,12.242,2022-02-07 09:54:24.512969,6,10
385,-78.6997309,35.7302211,29.991,12.242,2022-02-07 09:54:25.514553,6,10
386,-78.6997312,35.7302228,29.984,12.242,2022-02-07 09:54:26.515429,6,10
387,-78.6997312,35.7302212,29.982,12.242,2022-02-07 09:54:27.515843,6,10
388,-78.6997305,35.7302197,29.984,12.242,2022-02-07 09:54:28.519162,6,10
389,-78.6997294,35.7302193,29.99,12.242,2022-02-07 09:54:29.520257,6,10
390,-78.6997237,35.7302194,29.997,12.242,2022-02-07 09:54:30.522006,6,10
391,-78.6997104,35.7302196,29.995,12.242,2022-02-07 09:54:31.522598,6,10
392,-78.699689,35.7302197,29.992,12.242,2022-02-07 09:54:32.523203,6,10
393,-78.6996581,35.7302196,29.991,12.193,2022-02-07 09:54:33.524326,6,10
394,-78.69962,35.7302197,29.993,12.193,2022-02-07 09:54:34.525033,6,10
395,-78.6995771,35.7302199,29.994,12.193,2022-02-07 09:54:35.526043,6,10
396,-78.699531,35.7302203,29.994,12.193,2022-02-07 09:54:36.527320,6,10
397,-78.6994828,35.7302208,29.998,12.193,2022-02-07 09:54:37.528008,6,10
398,-78.699433,35.7302214,29.998,12.193,2022-02-07 09:54:38.529421,6,10
399,-78.6993821,35.730222,29.998,12.193,2022-02-07 09:54:39.530725,6,10
400,-78.6993303,35.7302224,29.999,12.193,2022-02-07 09:54:40.531802,6,10
401,-78.6992777,35.7302229,29.999,12.193,2022-02-07 09:54:41.533937,6,10
402,-78.6992245,35.7302234,29.997,12.193,2022-02-07 09:54:42.534621,6,10
403,-78.6991709,35.7302238,29.997,12.193,2022-02-07 09:54:43.536801,6,10
404,-78.6991169,35.7302242,29.994,12.193,2022-02-07 09:54:44.537407,6,10
405,-78.6990626,35.7302245,29.994,12.193,2022-02-07 09:54:45.538147,6,10
406,-78.6990081,35.7302249,29.992,12.193,2022-02-07 09:54:46.539421,6,10
407,-78.6989534,35.7302253,29.994,12.193,2022-02-07 09:54:47.540433,6,10
408,-78.6988986,35.7302257,29.995,12.193,2022-02-07 09:54:48.541537,6,10
409,-78.6988439,35.730226,29.995,12.193,2022-02-07 09:54:49.542598,6,10
410,-78.6987891,35.7302264,29.995,12.193,2022-02-07 09:54:50.543076,6,10
411,-78.6987342,35.7302267,29.994,12.193,2022-02-07 09:54:51.544180,6,10
412,-78.6986793,35.7302271,29.995,12.193,2022-02-07 09:54:52.545305,6,10
413,-78.6986244,35.7302275,29.994,12.193,2022-02-07 09:54:53.546625,6,10
414,-78.6985695,35.7302279,29.996,12.193,2022-02-07 09:54:54.546945,6,10
415,-78.6985146,35.7302283,29.998,12.193,2022-02-07 09:54:55.547883,6,10
416,-78.6984597,35.7302287,29.998,12.193,2022-02-07 09:54:56.548807,6,10
417,-78.6984048,35.7302291,29.998,12.193,2022-02-07 09:54:57.549829,6,10
418,-78.6983499,35.7302295,29.999,12.193,2022-02-07 09:54:58.550328,6,10
419,-78.6982949,35.7302299,30.002,12.193,2022-02-07 09:54:59.551898,6,10
420,-78.69824,35.7302302,30.002,12.193,2022-02-07 09:55:00.552242,6,10
421,-78.698185,35.7302306,30.002,12.193,2022-02-07 09:55:01.553616,6,10
422,-78.69813,35.730231,30.004,12.193,2022-02-07 09:55:02.554638,6,10
423,-78.6980751,35.7302314,30.002,12.193,2022-02-07 09:55:03.555631,6,10
424,-78.6980202,35.7302318,30.001,12.193,2022-02-07 09:55:04.556977,6,10
425,-78.6979651,35.7302322,30.001,12.193,2022-02-07 09:55:05.559140,6,10
426,-78.6979101,35.7302326,30.001,12.193,2022-02-07 09:55:06.560149,6,10
427,-78.6978551,35.730233,30.002,12.193,2022-02-07 09:55:07.561071,6,10
428,-78.6978,35.7302334,30.004,12.193,2022-02-07 09:55:08.561839,6,10
429,-78.697745,35.7302338,30.002,12.193,2022-02-07 09:55:09.562988,6,10
430,-78.6976899,35.7302342,29.999,12.193,2022-02-07 09:55:10.563727,6,10
431,-78.6976349,35.7302347,29.999,12.193,2022-02-07 09:55:11.564158,6,10
432,-78.6975799,35.7302351,29.997,12.193,2022-02-07 09:55:12.565754,6,10
433,-78.6975247,35.7302354,29.998,12.193,2022-02-07 09:55:13.566230,6,10
434,-78.6974696,35.7302358,29.997,12.193,2022-02-07 09:55:14.566822,6,10
435,-78.6974145,35.7302361,29.998,12.193,2022-02-07 09:55:15.567280,6,10
436,-78.6973594,35.7302365,29.998,12.193,2022-02-07 09:55:16.568311,6,10
437,-78.6973043,35.7302368,29.998,12.193,2022-02-07 09:55:17.568874,6,10
438,-78.6972491,35.7302372,29.997,12.193,2022-02-07 09:55:18.570390,6,10
439,-78.697194,35.7302376,29.996,12.193,2022-02-07 09:55:19.571092,6,10
440,-78.6971389,35.7302379,29.998,12.193,2022-02-07 09:55:20.572342,6,10
441,-78.6970837,35.7302383,29.997,12.193,2022-02-07 09:55:21.573743,6,10
442,-78.6970297,35.7302387,30.0,12.193,2022-02-07 09:55:22.576120,6,10
443,-78.6969801,35.7302391,30.002,12.242,2022-02-07 09:55:23.577344,6,10
444,-78.6969396,35.7302397,30.003,12.242,2022-02-07 09:55:24.577772,6,10
445,-78.6969118,35.7302402,30.0,12.242,2022-02-07 09:55:25.579198,6,10
446,-78.6968999,35.7302405,29.995,12.242,2022-02-07 09:55:26.580231,6,10
447,-78.696899,35.7302406,29.991,12.242,2022-02-07 09:55:27.580831,6,10
448,-78.6969012,35.7302404,29.989,12.242,2022-02-07 09:55:28.582450,6,10
449,-78.6969027,35.7302401,29.989,12.242,2022-02-07 09:55:29.582787,6,10
450,-78.6969029,35.7302398,29.99,12.242,2022-02-07 09:55:30.584002,6,10
451,-78.6969026,35.7302394,29.996,12.242,2022-02-07 09:55:31.585387,6,10
452,-78.6969011,35.7302348,29.997,12.242,2022-02-07 09:55:32.586411,6,10
453,-78.6968979,35.7302237,29.997,12.242,2022-02-07 09:55:33.586669,6,10
454,-78.6968927,35.7302052,29.994,12.242,2022-02-07 09:55:34.587432,6,10
455,-78.6968853,35.7301793,29.995,12.193,2022-02-07 09:55:35.588697,6,10
456,-78.6968764,35.7301479,29.995,12.193,2022-02-07 09:55:36.590009,6,10
457,-78.6968663,35.7301129,29.996,12.193,2022-02-07 09:55:37.592160,6,10
458,-78.6968555,35.7300756,29.997,12.193,2022-02-07 09:55:38.593672,6,10
459,-78.6968442,35.7300368,29.998,12.193,2022-02-07 09:55:39.594649,6,10
460,-78.6968325,35.7299969,29.999,12.193,2022-02-07 09:55:40.596024,6,10
461,-78.6968207,35.7299561,30.0,12.193,2022-02-07 09:55:41.597014,6,10
462,-78.6968088,35.7299147,30.001,12.193,2022-02-07 09:55:42.598307,6,10
463,-78.6967967,35.7298728,30.001,12.193,2022-02-07 09:55:43.598819,6,10
464,-78.6967845,35.7298304,30.002,12.193,2022-02-07 09:55:44.600002,6,10
465,-78.6967722,35.7297878,30.001,12.193,2022-02-07 09:55:45.601095,6,10
466,-78.6967599,35.7297448,30.001,12.193,2022-02-07 09:55:46.601679,6,10
467,-78.6967476,35.7297017,30.0,12.193,2022-02-07 09:55:47.602760,6,10
468,-78.6967352,35.7296584,30.001,12.193,2022-02-07 09:55:48.604131,6,10
469,-78.6967227,35.7296149,30.001,12.193,2022-02-07 09:55:49.605095,6,10
470,-78.6967103,35.7295715,30.001,12.193,2022-02-07 09:55:50.606210,6,10
471,-78.6966978,35.7295279,30.001,12.193,2022-02-07 09:55:51.606987,6,10
472,-78.6966852,35.7294843,30.002,12.193,2022-02-07 09:55:52.608029,6,10
473,-78.6966726,35.7294407,30.002,12.193,2022-02-07 09:55:53.609391,6,10
474,-78.6966601,35.7293971,30.001,12.193,2022-02-07 09:55:54.610966,6,10
475,-78.6966477,35.7293534,30.001,12.193,2022-02-07 09:55:55.612013,6,10
476,-78.6966352,35.7293097,30.001,12.193,2022-02-07 09:55:56.613038,6,10
477,-78.6966227,35.729266,30.0,12.193,2022-02-07 09:55:57.614097,6,10
478,-78.6966102,35.7292222,30.0,12.193,2022-02-07 09:55:58.614985,6,10
479,-78.6965976,35.7291785,30.001,12.193,2022-02-07 09:55:59.615543,6,10
480,-78.696585,35.7291347,30.001,12.193,2022-02-07 09:56:00.616821,6,10
481,-78.6965724,35.729091,30.001,12.193,2022-02-07 09:56:01.617627,6,10
482,-78.6965598,35.7290472,30.001,12.193,2022-02-07 09:56:02.618192,6,10
483,-78.6965473,35.7290034,29.999,12.193,2022-02-07 09:56:03.619780,6,10
484,-78.6965347,35.7289596,29.998,12.193,2022-02-07 09:56:04.621013,6,10
485,-78.6965221,35.7289159,29.997,12.193,2022-02-07 09:56:05.621834,6,10
486,-78.6965095,35.7288721,29.996,12.193,2022-02-07 09:56:06.623260,6,10
487,-78.696497,35.7288283,29.998,12.193,2022-02-07 09:56:07.624290,6,10
488,-78.6964845,35.7287846,29.997,12.193,2022-02-07 09:56:08.624470,6,10
489,-78.6964719,35.7287408,29.997,12.193,2022-02-07 09:56:09.625689,6,10
490,-78.6964594,35.728697,29.996,12.193,2022-02-07 09:56:10.626900,6,10
491,-78.6964468,35.7286533,29.994,12.193,2022-02-07 09:56:11.627630,6,10
492,-78.6964343,35.7286095,29.995,12.193,2022-02-07 09:56:12.628811,6,10
493,-78.6964217,35.7285657,29.995,12.193,2022-02-07 09:56:13.629492,6,10
494,-78.6964091,35.7285219,29.995,12.193,2022-02-07 09:56:14.630603,6,10
495,-78.6963965,35.7284781,29.994,12.193,2022-02-07 09:56:15.632587,6,10
496,-78.6963839,35.7284344,29.994,12.193,2022-02-07 09:56:16.633429,6,10
497,-78.6963714,35.7283906,29.994,12.193,2022-02-07 09:56:17.634660,6,10
498,-78.6963588,35.7283468,29.994,12.193,2022-02-07 09:56:18.635234,6,10
499,-78.6963463,35.728303,29.992,12.193,2022-02-07 09:56:19.636015,6,10
500,-78.6963337,35.7282592,29.99,12.193,2022-02-07 09:56:20.637351,6,10
501,-78.6963212,35.7282154,29.991,12.193,2022-02-07 09:56:21.638410,6,10
502,-78.6963086,35.7281716,29.992,12.193,2022-02-07 09:56:22.640040,6,10
503,-78.696296,35.7281278,29.992,12.193,2022-02-07 09:56:23.640893,6,10
504,-78.6962835,35.728084,29.994,12.193,2022-02-07 09:56:24.641307,6,10
505,-78.6962709,35.7280402,29.994,12.193,2022-02-07 09:56:25.642513,6,10
506,-78.6962584,35.7279964,29.995,12.193,2022-02-07 09:56:26.643595,6,10
507,-78.6962458,35.7279526,29.995,12.193,2022-02-07 09:56:27.644513,6,10
508,-78.6962332,35.7279088,29.995,12.193,2022-02-07 09:56:28.644973,6,10
509,-78.6962206,35.727865,29.994,12.193,2022-02-07 09:56:29.646082,6,10
510,-78.696208,35.7278213,29.997,12.193,2022-02-07 09:56:30.647319,6,10
511,-78.6961955,35.7277775,29.997,12.193,2022-02-07 09:56:31.648074,6,10
512,-78.6961829,35.7277338,29.999,12.193,2022-02-07 09:56:32.649365,6,10
513,-78.6961709,35.7276918,30.004,12.242,2022-02-07 09:56:33.649907,6,10
514,-78.6961603,35.7276546,30.007,12.242,2022-02-07 09:56:34.650752,6,10
515,-78.6961521,35.7276258,30.007,12.242,2022-02-07 09:56:35.652063,6,10
516,-78.6961474,35.7276083,30.005,12.242,2022-02-07 09:56:36.653813,6,10
517,-78.6961461,35.727603,30.006,12.242,2022-02-07 09:56:37.655092,6,10
518,-78.6961463,35.7276038,30.003,12.242,2022-02-07 09:56:38.656176,6,10
519,-78.6961467,35.7276056,29.997,12.242,2022-02-07 09:56:39.657240,6,10
520,-78.6961468,35.7276064,30.014,12.193,2022-02-07 09:56:40.657703,6,10
521,-78.6961493,35.727604,30.52,12.193,2022-02-07 09:56:41.659246,6,10
522,-78.6961583,35.7275957,31.891,12.143,2022-02-07 09:56:42.659745,6,10
523,-78.6961724,35.7275824,33.834,12.193,2022-02-07 09:56:43.660568,6,10
524,-78.6961897,35.7275666,36.011,12.193,2022-02-07 09:56:44.661222,6,10
525,-78.6962085,35.7275497,38.309,12.193,2022-02-07 09:56:45.662436,6,10
526,-78.696228,35.7275322,40.681,12.193,2022-02-07 09:56:46.663881,6,10
527,-78.6962478,35.7275146,43.101,12.193,2022-02-07 09:56:47.665205,6,10
528,-78.6962676,35.7274968,45.545,12.193,2022-02-07 09:56:48.665918,6,10
529,-78.6962875,35.7274789,48.006,12.193,2022-02-07 09:56:49.667108,6,10
530,-78.6963074,35.727461,50.476,12.193,2022-02-07 09:56:50.667684,6,10
531,-78.6963272,35.7274431,52.952,12.143,2022-02-07 09:56:51.670388,6,10
532,-78.696347,35.7274252,55.433,12.193,2022-02-07 09:56:52.671536,6,10
533,-78.6963668,35.7274072,57.919,12.193,2022-02-07 09:56:53.672053,6,10
534,-78.6963867,35.7273893,60.409,12.143,2022-02-07 09:56:54.672698,6,10
535,-78.6964066,35.7273713,62.9,12.143,2022-02-07 09:56:55.673372,6,10
536,-78.6964265,35.7273534,65.392,12.143,2022-02-07 09:56:56.675525,6,10
537,-78.6964463,35.7273354,67.884,12.143,2022-02-07 09:56:57.677392,6,10
538,-78.6964661,35.7273175,70.376,12.143,2022-02-07 09:56:58.678160,6,10
539,-78.696486,35.7272995,72.871,12.193,2022-02-07 09:56:59.678531,6,10
540,-78.6965058,35.7272816,75.366,12.193,2022-02-07 09:57:00.680229,6,10
541,-78.696525,35.7272644,77.701,12.193,2022-02-07 09:57:01.681175,6,10
542,-78.6965394,35.7272515,79.21,12.242,2022-02-07 09:57:02.683033,6,10
543,-78.6965455,35.7272464,79.725,12.242,2022-02-07 09:57:03.684080,6,10
544,-78.696546,35.7272461,79.874,12.242,2022-02-07 09:57:04.685630,6,10
545,-78.6965451,35.727247,79.929,12.242,2022-02-07 09:57:05.686992,6,10
546,-78.6965442,35.7272475,79.954,12.242,2022-02-07 09:57:06.687960,6,10
547,-78.6965437,35.7272473,79.962,12.242,2022-02-07 09:57:07.689285,6,10
548,-78.6965395,35.7272442,79.969,12.242,2022-02-07 09:57:08.690371,6,10
549,-78.696529,35.7272365,79.969,12.242,2022-02-07 09:57:09.691673,6,10
550,-78.6965117,35.7272239,79.969,12.193,2022-02-07 09:57:10.692446,6,10
551,-78.6964872,35.7272061,79.973,12.193,2022-02-07 09:57:11.693027,6,10
552,-78.6964575,35.7271846,79.974,12.193,2022-02-07 09:57:12.693756,6,10
553,-78.6964244,35.7271605,79.977,12.193,2022-02-07 09:57:13.694493,6,10
554,-78.6963892,35.7271347,79.98,12.193,2022-02-07 09:57:14.695002,6,10
555,-78.6963524,35.7271078,79.984,12.193,2022-02-07 09:57:15.697033,6,10
556,-78.6963147,35.7270801,79.988,12.193,2022-02-07 09:57:16.699460,6,10
557,-78.6962764,35.7270517,79.991,12.193,2022-02-07 09:57:17.700866,6,10
558,-78.6962374,35.727023,79.995,12.193,2022-02-07 09:57:18.701807,6,10
559,-78.696198,35.7269939,79.997,12.193,2022-02-07 09:57:19.702959,6,10
560,-78.6961583,35.7269645,80.0,12.193,2022-02-07 09:57:20.703916,6,10
561,-78.6961184,35.7269351,80.001,12.193,2022-02-07 09:57:21.705337,6,10
562,-78.6960785,35.7269055,80.005,12.193,2022-02-07 09:57:22.705917,6,10
563,-78.6960402,35.7268771,80.008,12.242,2022-02-07 09:57:23.707155,6,10
564,-78.6960068,35.7268522,80.008,12.242,2022-02-07 09:57:24.707988,6,10
565,-78.6959817,35.7268333,80.006,12.242,2022-02-07 09:57:25.708897,6,10
566,-78.6959678,35.7268225,80.003,12.242,2022-02-07 09:57:26.710590,6,10
567,-78.6959647,35.7268198,80.001,12.242,2022-02-07 09:57:27.711519,6,10
568,-78.6959658,35.7268207,79.998,12.242,2022-02-07 09:57:28.713528,6,10
569,-78.6959671,35.726822,79.992,12.242,2022-02-07 09:57:29.714550,6,10
570,-78.6959674,35.7268227,79.996,12.242,2022-02-07 09:57:30.715668,6,10
571,-78.6959663,35.7268231,79.999,12.242,2022-02-07 09:57:31.716461,6,10
572,-78.6959589,35.7268248,79.995,12.242,2022-02-07 09:57:32.716926,6,10
573,-78.6959437,35.7268287,79.99,12.242,2022-02-07 09:57:33.718190,6,10
574,-78.6959197,35.7268346,79.985,12.193,2022-02-07 09:57:34.718679,6,10
575,-78.6958869,35.7268428,79.983,12.193,2022-02-07 09:57:35.719218,6,10
576,-78.6958477,35.7268525,79.981,12.193,2022-02-07 09:57:36.721795,6,10
577,-78.6958045,35.726863,79.983,12.193,2022-02-07 09:57:37.723154,6,10
578,-78.6957586,35.7268741,79.987,12.193,2022-02-07 09:57:38.723653,6,10
579,-78.6957109,35.7268855,79.99,12.193,2022-02-07 09:57:39.724439,6,10
580,-78.695662,35.7268972,79.992,12.193,2022-02-07 09:57:40.725288,6,10
581,-78.6956122,35.7269091,79.994,12.193,2022-02-07 09:57:41.726184,6,10
582,-78.6955617,35.7269211,79.994,12.193,2022-02-07 09:57:42.726820,6,10
583,-78.6955105,35.7269333,79.996,12.193,2022-02-07 09:57:43.728297,6,10
584,-78.695459,35.7269456,79.998,12.193,2022-02-07 09:57:44.729650,6,10
585,-78.6954072,35.7269579,80.0,12.193,2022-02-07 09:57:45.732703,6,10
586,-78.6953551,35.7269703,80.0,12.193,2022-02-07 09:57:46.733740,6,10
587,-78.6953028,35.7269829,80.002,12.193,2022-02-07 09:57:47.734812,6,10
588,-78.6952504,35.7269954,80.0,12.193,2022-02-07 09:57:48.736220,6,10
589,-78.6951997,35.7270075,80.003,12.242,2022-02-07 09:57:49.737358,6,10
590,-78.6951546,35.7270181,80.007,12.242,2022-02-07 09:57:50.738311,6,10
591,-78.6951197,35.727026,80.011,12.242,2022-02-07 09:57:51.739684,6,10
592,-78.6950988,35.7270304,80.011,12.242,2022-02-07 09:57:52.740242,6,10
593,-78.6950929,35.7270314,80.011,12.242,2022-02-07 09:57:53.741720,6,10
594,-78.6950941,35.7270311,80.01,12.242,2022-02-07 09:57:54.742207,6,10
595,-78.6950964,35.727031,80.003,12.242,2022-02-07 09:57:55.743389,6,10
596,-78.6950974,35.7270312,80.005,12.242,2022-02-07 09:57:56.743940,6,10
597,-78.6950965,35.7270284,80.004,12.242,2022-02-07 09:57:57.744448,6,10
598,-78.695093,35.7270182,80.004,12.242,2022-02-07 09:57:58.746829,6,10
599,-78.6950866,35.7270003,80.002,12.242,2022-02-07 09:57:59.749109,6,10
600,-78.6950781,35.7269745,79.999,12.193,2022-02-07 09:58:00.750921,6,10
601,-78.695068,35.7269429,79.997,12.193,2022-02-07 09:58:01.752431,6,10
602,-78.6950571,35.7269073,79.994,12.193,2022-02-07 09:58:02.753669,6,10
603,-78.6950457,35.7268693,79.994,12.193,2022-02-07 09:58:03.755118,6,10
604,-78.695034,35.7268297,79.997,12.193,2022-02-07 09:58:04.756085,6,10
605,-78.6950219,35.726789,79.997,12.193,2022-02-07 09:58:05.758516,6,10
606,-78.6950096,35.7267476,79.999,12.193,2022-02-07 09:58:06.759194,6,10
607,-78.6949971,35.7267057,79.999,12.193,2022-02-07 09:58:07.759610,6,10
608,-78.6949844,35.7266634,79.999,12.193,2022-02-07 09:58:08.760117,6,10
609,-78.6949715,35.7266209,79.999,12.193,2022-02-07 09:58:09.761012,6,10
610,-78.6949585,35.726578,79.999,12.193,2022-02-07 09:58:10.761490,6,10
611,-78.6949453,35.7265351,79.999,12.193,2022-02-07 09:58:11.763021,6,10
612,-78.6949321,35.7264919,79.999,12.193,2022-02-07 09:58:12.765501,6,10
613,-78.6949189,35.7264487,80.0,12.193,2022-02-07 09:58:13.766802,6,10
614,-78.6949056,35.7264054,79.999,12.193,2022-02-07 09:58:14.767893,6,10
615,-78.6948923,35.726362,80.0,12.193,2022-02-07 09:58:15.769185,6,10
616,-78.694879,35.7263185,79.998,12.193,2022-02-07 09:58:16.770439,6,10
617,-78.6948657,35.726275,79.998,12.193,2022-02-07 09:58:17.771187,6,10
618,-78.6948524,35.7262315,79.997,12.193,2022-02-07 09:58:18.772421,6,10
619,-78.6948391,35.726188,79.997,12.193,2022-02-07 09:58:19.773346,6,10
620,-78.6948259,35.7261445,79.997,12.193,2022-02-07 09:58:20.774622,6,10
621,-78.6948126,35.7261009,79.996,12.193,2022-02-07 09:58:21.775604,6,10
622,-78.6947993,35.7260573,79.995,12.193,2022-02-07 09:58:22.776118,6,10
623,-78.694786,35.7260137,79.995,12.193,2022-02-07 09:58:23.776718,6,10
624,-78.6947727,35.7259701,79.993,12.193,2022-02-07 09:58:24.777594,6,10
625,-78.6947594,35.7259265,79.991,12.193,2022-02-07 09:58:25.780101,6,10
626,-78.6947461,35.7258829,79.992,12.193,2022-02-07 09:58:26.782295,6,10
627,-78.6947328,35.7258393,79.993,12.193,2022-02-07 09:58:27.783190,6,10
628,-78.6947194,35.7257957,79.993,12.193,2022-02-07 09:58:28.783963,6,10
629,-78.6947061,35.725752,79.994,12.193,2022-02-07 09:58:29.784938,6,10
630,-78.6946928,35.7257084,79.996,12.193,2022-02-07 09:58:30.786105,6,10
631,-78.6946794,35.7256648,79.995,12.193,2022-02-07 09:58:31.786592,6,10
632,-78.6946662,35.7256212,79.997,12.193,2022-02-07 09:58:32.787822,6,10
633,-78.6946529,35.7255776,79.999,12.193,2022-02-07 09:58:33.788146,6,10
634,-78.6946396,35.725534,80.001,12.193,2022-02-07 09:58:34.788976,6,10
635,-78.6946263,35.7254904,80.0,12.193,2022-02-07 09:58:35.790485,6,10
636,-78.694613,35.725447,80.002,12.193,2022-02-07 09:58:36.791488,6,10
637,-78.6946004,35.7254057,80.004,12.242,2022-02-07 09:58:37.792585,6,10
638,-78.6945899,35.72537,80.005,12.242,2022-02-07 09:58:38.793565,6,10
639,-78.6945826,35.7253434,80.011,12.242,2022-02-07 09:58:39.794883,6,10
640,-78.6945793,35.7253294,80.012,12.242,2022-02-07 09:58:40.796116,6,10
641,-78.694579,35.7253268,80.015,12.242,2022-02-07 09:58:41.797454,6,10
642,-78.6945792,35.7253284,80.013,12.242,2022-02-07 09:58:42.798382,6,10
643,-78.6945788,35.7253301,80.005,12.242,2022-02-07 09:58:43.798936,6,10
644,-78.6945782,35.7253309,80.007,12.242,2022-02-07 09:58:44.800136,6,10
645,-78.6945786,35.7253308,80.002,12.242,2022-02-07 09:58:45.801380,6,10
646,-78.6945871,35.7253306,80.001,12.242,2022-02-07 09:58:46.802058,6,10
647,-78.6946054,35.7253303,80.0,12.242,2022-02-07 09:58:47.803494,6,10
648,-78.6946343,35.7253303,79.998,12.193,2022-02-07 09:58:48.804103,6,10
649,-78.6946721,35.7253307,79.996,12.193,2022-02-07 09:58:49.804868,6,10
650,-78.6947158,35.7253315,79.994,12.193,2022-02-07 09:58:50.805345,6,10
651,-78.6947634,35.7253328,79.994,12.193,2022-02-07 09:58:51.805789,6,10
652,-78.6948134,35.7253344,79.994,12.193,2022-02-07 09:58:52.807154,6,10
653,-78.6948649,35.7253361,79.995,12.193,2022-02-07 09:58:53.807972,6,10
654,-78.6949175,35.7253379,79.994,12.193,2022-02-07 09:58:54.808624,6,10
655,-78.6949707,35.7253396,79.994,12.193,2022-02-07 09:58:55.809873,6,10
656,-78.6950245,35.7253413,79.997,12.193,2022-02-07 09:58:56.811233,6,10
657,-78.6950786,35.725343,80.0,12.193,2022-02-07 09:58:57.813032,6,10
658,-78.6951328,35.7253445,79.999,12.193,2022-02-07 09:58:58.814423,6,10
659,-78.6951873,35.725346,80.0,12.193,2022-02-07 09:58:59.815054,6,10
660,-78.695242,35.7253474,80.001,12.193,2022-02-07 09:59:00.815344,6,10
661,-78.6952968,35.7253488,80.0,12.193,2022-02-07 09:59:01.816962,6,10
662,-78.6953518,35.7253502,80.0,12.193,2022-02-07 09:59:02.818314,6,10
663,-78.6954068,35.7253517,80.0,12.193,2022-02-07 09:59:03.820575,6,10
664,-78.695462,35.7253532,80.001,12.193,2022-02-07 09:59:04.822108,6,10
665,-78.695517,35.7253547,80.001,12.193,2022-02-07 09:59:05.823497,6,10
666,-78.6955722,35.7253563,80.001,12.193,2022-02-07 09:59:06.824618,6,10
667,-78.6956274,35.7253578,79.999,12.193,2022-02-07 09:59:07.825741,6,10
668,-78.6956826,35.7253594,80.001,12.193,2022-02-07 09:59:08.826334,6,10
669,-78.6957379,35.7253609,80.0,12.193,2022-02-07 09:59:09.828575,6,10
670,-78.6957931,35.7253625,80.001,12.193,2022-02-07 09:59:10.829934,6,10
671,-78.6958484,35.725364,80.001,12.193,2022-02-07 09:59:11.830541,6,10
672,-78.6959036,35.7253656,80.0,12.193,2022-02-07 09:59:12.831187,6,10
673,-78.6959588,35.7253671,80.002,12.193,2022-02-07 09:59:13.831469,6,10
674,-78.6960139,35.7253687,80.002,12.193,2022-02-07 09:59:14.832881,6,10
675,-78.6960691,35.7253703,80.001,12.193,2022-02-07 09:59:15.833776,6,10
676,-78.6961241,35.7253718,80.0,12.193,2022-02-07 09:59:16.834188,6,10
677,-78.6961793,35.7253733,79.998,12.193,2022-02-07 09:59:17.834730,6,10
678,-78.6962344,35.7253749,79.997,12.193,2022-02-07 09:59:18.835663,6,10
679,-78.6962896,35.7253765,79.996,12.193,2022-02-07 09:59:19.837676,6,10
680,-78.6963449,35.725378,79.995,12.193,2022-02-07 09:59:20.840226,6,10
681,-78.6964002,35.7253796,79.995,12.193,2022-02-07 09:59:21.840981,6,10
682,-78.6964554,35.7253811,79.996,12.193,2022-02-07 09:59:22.842196,6,10
683,-78.6965107,35.7253826,79.994,12.193,2022-02-07 09:59:23.844132,6,10
684,-78.6965659,35.7253841,79.995,12.193,2022-02-07 09:59:24.844659,6,10
685,-78.6966211,35.7253856,79.995,12.193,2022-02-07 09:59:25.845927,6,10
686,-78.6966763,35.7253871,79.994,12.193,2022-02-07 09:59:26.846512,6,10
687,-78.6967315,35.7253887,79.995,12.193,2022-02-07 09:59:27.847984,6,10
688,-78.6967867,35.7253903,79.995,12.193,2022-02-07 09:59:28.849887,6,10
689,-78.696842,35.7253918,79.997,12.193,2022-02-07 09:59:29.850292,6,10
690,-78.6968971,35.7253934,79.997,12.193,2022-02-07 09:59:30.850721,6,10
691,-78.6969523,35.725395,79.998,12.193,2022-02-07 09:59:31.851207,6,10
692,-78.6970075,35.7253966,79.998,12.193,2022-02-07 09:59:32.852965,6,10
693,-78.6970628,35.7253981,79.999,12.193,2022-02-07 09:59:33.853704,6,10
694,-78.6971179,35.7253996,79.998,12.193,2022-02-07 09:59:34.855879,6,10
695,-78.6971731,35.7254012,79.998,12.193,2022-02-07 09:59:35.856363,6,10
696,-78.6972283,35.7254027,79.997,12.193,2022-02-07 09:59:36.857954,6,10
697,-78.6972835,35.7254042,79.998,12.193,2022-02-07 09:59:37.858487,6,10
698,-78.6973387,35.7254058,79.999,12.193,2022-02-07 09:59:38.859571,6,10
699,-78.697394,35.7254073,79.998,12.193,2022-02-07 09:59:39.861060,6,10
700,-78.6974492,35.7254089,79.999,12.193,2022-02-07 09:59:40.862393,6,10
701,-78.6975044,35.7254104,79.998,12.193,2022-02-07 09:59:41.863641,6,10
702,-78.6975596,35.725412,79.998,12.193,2022-02-07 09:59:42.864712,6,10
703,-78.6976148,35.7254135,79.998,12.193,2022-02-07 09:59:43.865228,6,10
704,-78.69767,35.7254151,79.998,12.193,2022-02-07 09:59:44.865979,6,10
705,-78.6977252,35.7254166,79.997,12.193,2022-02-07 09:59:45.866987,6,10
706,-78.6977803,35.7254182,79.994,12.193,2022-02-07 09:59:46.869464,6,10
707,-78.6978355,35.7254196,79.996,12.193,2022-02-07 09:59:47.871700,6,10
708,-78.6978907,35.7254212,79.994,12.193,2022-02-07 09:59:48.872484,6,10
709,-78.6979458,35.7254228,79.995,12.193,2022-02-07 09:59:49.873939,6,10
710,-78.698001,35.7254243,79.995,12.193,2022-02-07 09:59:50.875669,6,10
711,-78.6980551,35.7254259,79.999,12.193,2022-02-07 09:59:51.876839,6,10
712,-78.6981045,35.7254274,80.004,12.242,2022-02-07 09:59:52.877636,6,10
713,-78.6981445,35.725429,80.009,12.242,2022-02-07 09:59:53.878392,6,10
714,-78.698171,35.7254304,80.011,12.242,2022-02-07 09:59:54.879666,6,10
715,-78.6981806,35.7254313,80.012,12.242,2022-02-07 09:59:55.880213,6,10
716,-78.6981803,35.7254315,80.014,12.242,2022-02-07 09:59:56.880898,6,10
717,-78.6981781,35.7254311,80.011,12.242,2022-02-07 09:59:57.883080,6,10
718,-78.6981815,35.7254304,80.008,12.242,2022-02-07 09:59:58.883816,6,10
719,-78.6981936,35.72543,80.005,12.242,2022-02-07 09:59:59.885057,6,10
720,-78.698215,35.7254302,80.0,12.242,2022-02-07 10:00:00.886420,6,10
721,-78.6982462,35.7254309,79.994,12.193,2022-02-07 10:00:01.887620,6,10
722,-78.698285,35.7254323,79.991,12.193,2022-02-07 10:00:02.889036,6,10
723,-78.6983288,35.7254341,79.989,12.193,2022-02-07 10:00:03.890406,6,10
724,-78.6983759,35.7254364,79.991,12.193,2022-02-07 10:00:04.891564,6,10
725,-78.698425,35.7254391,79.992,12.193,2022-02-07 10:00:05.891742,6,10
726,-78.6984755,35.7254418,79.992,12.193,2022-02-07 10:00:06.892838,6,10
727,-78.6985271,35.7254446,79.993,12.193,2022-02-07 10:00:07.895200,6,10
728,-78.6985794,35.7254474,79.996,12.193,2022-02-07 10:00:08.896159,6,10
729,-78.6986323,35.72545,79.996,12.193,2022-02-07 10:00:09.897407,6,10
730,-78.6986858,35.7254525,79.996,12.193,2022-02-07 10:00:10.897895,6,10
731,-78.6987395,35.725455,79.995,12.193,2022-02-07 10:00:11.899017,6,10
732,-78.6987935,35.7254574,79.993,12.193,2022-02-07 10:00:12.900393,6,10
733,-78.6988479,35.7254598,79.996,12.193,2022-02-07 10:00:13.901769,6,10
734,-78.6989023,35.7254622,79.998,12.193,2022-02-07 10:00:14.903044,6,10
735,-78.6989569,35.7254646,79.996,12.193,2022-02-07 10:00:15.903746,6,10
736,-78.6990116,35.725467,79.996,12.193,2022-02-07 10:00:16.904121,6,10
737,-78.6990665,35.7254694,79.997,12.193,2022-02-07 10:00:17.905340,6,10
738,-78.6991215,35.7254718,79.998,12.193,2022-02-07 10:00:18.906286,6,10
739,-78.6991766,35.7254743,79.997,12.193,2022-02-07 10:00:19.907310,6,10
740,-78.6992318,35.7254768,79.998,12.193,2022-02-07 10:00:20.908253,6,10
741,-78.6992869,35.7254792,79.998,12.193,2022-02-07 10:00:21.908536,6,10
742,-78.699342,35.7254817,79.997,12.193,2022-02-07 10:00:22.909728,6,10
743,-78.6993972,35.7254842,79.997,12.193,2022-02-07 10:00:23.910837,6,10
744,-78.6994523,35.7254867,79.998,12.193,2022-02-07 10:00:24.911643,6,10
745,-78.6995073,35.7254892,79.999,12.193,2022-02-07 10:00:25.912431,6,10
746,-78.6995623,35.7254916,79.999,12.193,2022-02-07 10:00:26.912898,6,10
747,-78.6996175,35.7254941,79.999,12.193,2022-02-07 10:00:27.913614,6,10
748,-78.6996727,35.7254966,80.001,12.193,2022-02-07 10:00:28.914524,6,10
749,-78.6997278,35.7254991,80.001,12.193,2022-02-07 10:00:29.915407,6,10
750,-78.6997829,35.7255016,80.001,12.193,2022-02-07 10:00:30.916050,6,10
751,-78.699838,35.7255041,80.001,12.193,2022-02-07 10:00:31.916923,6,10
752,-78.6998931,35.7255066,80.001,12.193,2022-02-07 10:00:32.917552,6,10
753,-78.6999484,35.725509,80.001,12.193,2022-02-07 10:00:33.918924,6,10
754,-78.7000035,35.7255115,80.003,12.193,2022-02-07 10:00:34.919261,6,10
755,-78.7000586,35.725514,80.001,12.193,2022-02-07 10:00:35.919804,6,10
756,-78.7001138,35.7255165,79.999,12.193,2022-02-07 10:00:36.920891,6,10
757,-78.700169,35.725519,80.0,12.193,2022-02-07 10:00:37.922067,6,10
758,-78.7002241,35.7255214,79.999,12.193,2022-02-07 10:00:38.924185,6,10
759,-78.7002793,35.7255238,80.001,12.193,2022-02-07 10:00:39.926297,6,10
760,-78.7003345,35.7255263,80.001,12.193,2022-02-07 10:00:40.927998,6,10
761,-78.7003894,35.7255288,80.001,12.193,2022-02-07 10:00:41.929077,6,10
762,-78.700442,35.7255312,80.002,12.242,2022-02-07 10:00:42.930339,6,10
763,-78.700488,35.7255334,80.004,12.242,2022-02-07 10:00:43.931040,6,10
764,-78.7005229,35.7255352,80.003,12.242,2022-02-07 10:00:44.931476,6,10
765,-78.700543,35.7255365,80.001,12.242,2022-02-07 10:00:45.933158,6,10
766,-78.7005482,35.7255369,79.998,12.242,2022-02-07 10:00:46.934720,6,10
767,-78.7005465,35.7255368,79.995,12.242,2022-02-07 10:00:47.936053,6,10
768,-78.7005444,35.7255364,79.988,12.242,2022-02-07 10:00:48.937747,6,10
769,-78.7005435,35.725536,79.996,12.242,2022-02-07 10:00:49.938282,6,10
770,-78.7005435,35.7255364,79.996,12.242,2022-02-07 10:00:50.939434,6,10
771,-78.7005428,35.7255423,79.997,12.242,2022-02-07 10:00:51.940373,6,10
772,-78.7005411,35.7255555,79.996,12.242,2022-02-07 10:00:52.940957,6,10
773,-78.7005377,35.7255768,79.995,12.193,2022-02-07 10:00:53.941491,6,10
774,-78.7005331,35.7256052,79.996,12.193,2022-02-07 10:00:54.942239,6,10
775,-78.7005273,35.7256387,79.997,12.193,2022-02-07 10:00:55.943683,6,10
776,-78.7005208,35.7256754,79.998,12.193,2022-02-07 10:00:56.945352,6,10
777,-78.7005139,35.7257141,79.999,12.193,2022-02-07 10:00:57.946340,6,10
778,-78.7005066,35.7257542,79.999,12.193,2022-02-07 10:00:58.947721,6,10
779,-78.7004993,35.7257953,79.999,12.193,2022-02-07 10:00:59.948748,6,10
780,-78.7004919,35.7258371,80.001,12.193,2022-02-07 10:01:00.949919,6,10
781,-78.7004844,35.7258794,79.999,12.193,2022-02-07 10:01:01.950154,6,10
782,-78.7004767,35.7259222,79.998,12.193,2022-02-07 10:01:02.950878,6,10
783,-78.7004691,35.7259655,80.0,12.193,2022-02-07 10:01:03.952460,6,10
784,-78.7004614,35.7260089,80.001,12.193,2022-02-07 10:01:04.953051,6,10
785,-78.7004539,35.7260525,80.0,12.193,2022-02-07 10:01:05.954352,6,10
786,-78.7004463,35.7260964,80.0,12.193,2022-02-07 10:01:06.955505,6,10
787,-78.7004388,35.7261404,80.0,12.193,2022-02-07 10:01:07.956843,6,10
788,-78.7004312,35.7261845,80.001,12.193,2022-02-07 10:01:08.957639,6,10
789,-78.7004235,35.7262287,80.001,12.193,2022-02-07 10:01:09.959068,6,10
790,-78.7004158,35.7262729,80.002,12.193,2022-02-07 10:01:10.960289,6,10
791,-78.7004081,35.7263172,80.003,12.193,2022-02-07 10:01:11.961038,6,10
792,-78.7004004,35.7263615,80.002,12.193,2022-02-07 10:01:12.962045,6,10
793,-78.7003927,35.7264057,80.004,12.193,2022-02-07 10:01:13.962734,6,10
794,-78.700385,35.7264499,80.001,12.193,2022-02-07 10:01:14.964378,6,10
795,-78.7003773,35.7264942,79.999,12.193,2022-02-07 10:01:15.964953,6,10
796,-78.7003696,35.7265384,79.999,12.193,2022-02-07 10:01:16.966485,6,10
797,-78.7003619,35.7265826,79.999,12.193,2022-02-07 10:01:17.967196,6,10
798,-78.7003543,35.7266268,80.0,12.193,2022-02-07 10:01:18.967571,6,10
799,-78.7003466,35.726671,79.999,12.193,2022-02-07 10:01:19.968758,6,10
800,-78.7003389,35.7267152,79.999,12.193,2022-02-07 10:01:20.969617,6,10
801,-78.7003312,35.7267594,79.998,12.193,2022-02-07 10:01:21.969933,6,10
802,-78.7003235,35.7268037,79.998,12.193,2022-02-07 10:01:22.970548,6,10
803,-78.7003158,35.7268479,79.998,12.193,2022-02-07 10:01:23.971549,6,10
804,-78.7003081,35.726892,79.998,12.193,2022-02-07 10:01:24.972344,6,10
805,-78.7003004,35.7269362,79.998,12.193,2022-02-07 10:01:25.973463,6,10
806,-78.7002927,35.7269803,79.997,12.193,2022-02-07 10:01:26.975216,6,10
807,-78.7002851,35.7270244,79.996,12.193,2022-02-07 10:01:27.976352,6,10
808,-78.7002773,35.7270686,79.996,12.193,2022-02-07 10:01:28.977787,6,10
809,-78.7002696,35.7271128,79.998,12.193,2022-02-07 10:01:29.978920,6,10
810,-78.7002619,35.7271569,79.998,12.193,2022-02-07 10:01:30.979446,6,10
811,-78.7002542,35.7272011,80.0,12.193,2022-02-07 10:01:31.980255,6,10
812,-78.7002466,35.7272452,80.0,12.193,2022-02-07 10:01:32.980902,6,10
813,-78.7002389,35.7272892,80.0,12.193,2022-02-07 10:01:33.982481,6,10
814,-78.7002312,35.7273333,80.0,12.193,2022-02-07 10:01:34.983035,6,10
815,-78.7002235,35.7273775,80.001,12.193,2022-02-07 10:01:35.984420,6,10
816,-78.7002159,35.7274216,80.0,12.193,2022-02-07 10:01:36.985881,6,10
817,-78.7002083,35.7274656,80.001,12.193,2022-02-07 10:01:37.986590,6,10
818,-78.7002006,35.7275097,80.001,12.193,2022-02-07 10:01:38.987795,6,10
819,-78.7001929,35.7275538,80.001,12.193,2022-02-07 10:01:39.988723,6,10
820,-78.7001853,35.7275978,80.0,12.193,2022-02-07 10:01:40.989512,6,10
821,-78.7001776,35.7276419,80.0,12.193,2022-02-07 10:01:41.990508,6,10
822,-78.7001698,35.7276859,79.999,12.193,2022-02-07 10:01:42.991141,6,10
823,-78.7001621,35.72773,80.0,12.193,2022-02-07 10:01:43.992077,6,10
824,-78.7001545,35.727774,80.001,12.193,2022-02-07 10:01:44.992516,6,10
825,-78.7001468,35.727818,80.003,12.193,2022-02-07 10:01:45.993693,6,10
826,-78.7001392,35.727862,80.002,12.193,2022-02-07 10:01:46.994771,6,10
827,-78.7001315,35.7279061,80.0,12.193,2022-02-07 10:01:47.996740,6,10
828,-78.7001237,35.7279501,80.0,12.193,2022-02-07 10:01:48.997784,6,10
829,-78.7001161,35.727994,80.0,12.193,2022-02-07 10:01:49.998719,6,10
830,-78.7001085,35.728038,80.0,12.193,2022-02-07 10:01:50.999795,6,10
831,-78.7001008,35.7280821,79.999,12.193,2022-02-07 10:01:52.000801,6,10
832,-78.7000932,35.728126,80.0,12.193,2022-02-07 10:01:53.002518,6,10
833,-78.7000855,35.72817,80.0,12.193,2022-02-07 10:01:54.003918,6,10
834,-78.7000777,35.7282139,79.999,12.193,2022-02-07 10:01:55.004368,6,10
835,-78.7000701,35.7282579,79.999,12.193,2022-02-07 10:01:56.005011,6,10
836,-78.7000624,35.7283019,80.0,12.193,2022-02-07 10:01:57.006229,6,10
837,-78.7000548,35.7283459,79.999,12.193,2022-02-07 10:01:58.007138,6,10
838,-78.7000471,35.7283899,79.999,12.193,2022-02-07 10:01:59.009530,6,10
839,-78.7000394,35.7284339,79.999,12.193,2022-02-07 10:02:00.012071,6,10
840,-78.7000318,35.7284778,80.0,12.193,2022-02-07 10:02:01.013160,6,10
841,-78.7000242,35.7285217,80.0,12.193,2022-02-07 10:02:02.014160,6,10
842,-78.7000166,35.7285656,80.0,12.193,2022-02-07 10:02:03.015412,6,10
843,-78.700009,35.7286096,79.999,12.193,2022-02-07 10:02:04.016343,6,10
844,-78.7000013,35.7286535,80.001,12.193,2022-02-07 10:02:05.016785,6,10
845,-78.6999938,35.7286974,79.999,12.193,2022-02-07 10:02:06.017900,6,10
846,-78.6999861,35.7287413,79.996,12.193,2022-02-07 10:02:07.019112,6,10
847,-78.6999784,35.7287851,79.997,12.193,2022-02-07 10:02:08.021076,6,10
848,-78.6999708,35.728829,79.997,12.193,2022-02-07 10:02:09.021406,6,10
849,-78.6999632,35.7288729,79.997,12.193,2022-02-07 10:02:10.022104,6,10
850,-78.6999555,35.7289168,79.997,12.193,2022-02-07 10:02:11.022493,6,10
851,-78.6999479,35.7289607,79.998,12.193,2022-02-07 10:02:12.023613,6,10
852,-78.6999403,35.7290045,79.998,12.193,2022-02-07 10:02:13.024441,6,10
853,-78.6999326,35.7290484,80.0,12.193,2022-02-07 10:02:14.025116,6,10
854,-78.699925,35.7290922,80.003,12.193,2022-02-07 10:02:15.026208,6,10
855,-78.6999173,35.7291361,80.005,12.193,2022-02-07 10:02:16.026879,6,10
856,-78.6999096,35.7291799,80.003,12.193,2022-02-07 10:02:17.027577,6,10
857,-78.699902,35.7292237,80.002,12.193,2022-02-07 10:02:18.029033,6,10
858,-78.6998943,35.7292675,80.004,12.193,2022-02-07 10:02:19.029983,6,10
859,-78.6998867,35.7293113,80.003,12.193,2022-02-07 10:02:20.031281,6,10
860,-78.6998791,35.7293551,80.002,12.193,2022-02-07 10:02:21.032300,6,10
861,-78.6998715,35.7293988,80.002,12.193,2022-02-07 10:02:22.032945,6,10
862,-78.699864,35.7294426,80.003,12.193,2022-02-07 10:02:23.033707,6,10
863,-78.6998563,35.7294864,80.003,12.193,2022-02-07 10:02:24.034443,6,10
864,-78.6998488,35.7295302,80.003,12.193,2022-02-07 10:02:25.035108,6,10
865,-78.6998412,35.7295739,80.003,12.193,2022-02-07 10:02:26.036510,6,10
866,-78.6998335,35.7296177,80.003,12.193,2022-02-07 10:02:27.038528,6,10
867,-78.6998259,35.7296614,80.004,12.193,2022-02-07 10:02:28.039624,6,10
868,-78.6998183,35.7297052,80.004,12.193,2022-02-07 10:02:29.040534,6,10
869,-78.6998107,35.729749,80.004,12.193,2022-02-07 10:02:30.040933,6,10
870,-78.699803,35.7297927,80.004,12.193,2022-02-07 10:02:31.041414,6,10
871,-78.6997953,35.7298365,80.004,12.193,2022-02-07 10:02:32.042470,6,10
872,-78.6997878,35.7298803,80.004,12.193,2022-02-07 10:02:33.043070,6,10
873,-78.6997802,35.729924,80.003,12.193,2022-02-07 10:02:34.044265,6,10
874,-78.6997727,35.7299677,80.004,12.193,2022-02-07 10:02:35.045569,6,10
875,-78.6997651,35.7300114,80.003,12.193,2022-02-07 10:02:36.046415,6,10
876,-78.6997575,35.7300551,80.002,12.193,2022-02-07 10:02:37.048258,6,10
877,-78.69975,35.7300986,80.004,12.193,2022-02-07 10:02:38.049560,6,10
878,-78.6997428,35.7301399,80.008,12.242,2022-02-07 10:02:39.050382,6,10
879,-78.6997367,35.7301758,80.011,12.242,2022-02-07 10:02:40.051820,6,10
880,-78.6997326,35.7302029,80.007,12.242,2022-02-07 10:02:41.053037,6,10
881,-78.6997306,35.7302188,80.0,12.242,2022-02-07 10:02:42.054351,6,10
882,-78.6997303,35.7302229,79.992,12.242,2022-02-07 10:02:43.055731,6,10
883,-78.6997305,35.7302218,79.987,12.242,2022-02-07 10:02:44.056751,6,10
884,-78.6997305,35.7302201,79.983,12.242,2022-02-07 10:02:45.057643,6,10
885,-78.6997301,35.7302194,79.989,12.242,2022-02-07 10:02:46.058560,6,10
886,-78.6997266,35.7302194,79.999,12.242,2022-02-07 10:02:47.059698,6,10
887,-78.6997153,35.7302196,80.0,12.242,2022-02-07 10:02:48.061489,6,10
888,-78.6996956,35.7302198,79.997,12.242,2022-02-07 10:02:49.062130,6,10
889,-78.6996663,35.7302197,79.998,12.193,2022-02-07 10:02:50.062993,6,10
890,-78.6996293,35.7302198,79.999,12.193,2022-02-07 10:02:51.064511,6,10
891,-78.6995869,35.7302199,80.002,12.193,2022-02-07 10:02:52.065218,6,10
892,-78.6995412,35.7302202,80.005,12.193,2022-02-07 10:02:53.066843,6,10
893,-78.6994932,35.7302206,80.007,12.193,2022-02-07 10:02:54.068181,6,10
894,-78.6994436,35.730221,80.007,12.193,2022-02-07 10:02:55.068792,6,10
895,-78.6993929,35.7302214,80.007,12.193,2022-02-07 10:02:56.070005,6,10
896,-78.6993412,35.7302219,80.005,12.193,2022-02-07 10:02:57.070911,6,10
897,-78.6992888,35.7302223,80.004,12.193,2022-02-07 10:02:58.072085,6,10
898,-78.6992358,35.7302226,80.002,12.193,2022-02-07 10:02:59.072807,6,10
899,-78.6991823,35.7302229,80.002,12.193,2022-02-07 10:03:00.074638,6,10
900,-78.6991284,35.7302233,80.003,12.193,2022-02-07 10:03:01.075918,6,10
901,-78.6990742,35.7302236,80.001,12.193,2022-02-07 10:03:02.076426,6,10
902,-78.6990199,35.7302239,80.001,12.193,2022-02-07 10:03:03.076981,6,10
903,-78.6989655,35.7302243,80.001,12.193,2022-02-07 10:03:04.077466,6,10
904,-78.6989112,35.7302247,80.0,12.193,2022-02-07 10:03:05.079230,6,10
905,-78.6988569,35.730225,80.001,12.193,2022-02-07 10:03:06.080279,6,10
906,-78.6988025,35.7302254,79.998,12.193,2022-02-07 10:03:07.081228,6,10
907,-78.6987482,35.7302257,79.998,12.193,2022-02-07 10:03:08.081978,6,10
908,-78.6986937,35.7302261,79.997,12.193,2022-02-07 10:03:09.083268,6,10
909,-78.6986391,35.7302264,79.996,12.193,2022-02-07 10:03:10.083992,6,10
910,-78.6985846,35.7302268,79.995,12.193,2022-02-07 10:03:11.084969,6,10
911,-78.6985303,35.7302271,79.994,12.193,2022-02-07 10:03:12.085648,6,10
912,-78.6984759,35.7302276,79.994,12.193,2022-02-07 10:03:13.086354,6,10
913,-78.6984216,35.730228,79.995,12.193,2022-02-07 10:03:14.087702,6,10
914,-78.6983672,35.7302283,79.995,12.193,2022-02-07 10:03:15.088520,6,10
915,-78.6983128,35.7302287,79.995,12.193,2022-02-07 10:03:16.088944,6,10
916,-78.6982584,35.7302291,79.995,12.193,2022-02-07 10:03:17.089964,6,10
917,-78.6982041,35.7302294,79.997,12.193,2022-02-07 10:03:18.091381,6,10
918,-78.6981498,35.7302297,79.999,12.193,2022-02-07 10:03:19.092209,6,10
919,-78.6980954,35.7302302,80.0,12.193,2022-02-07 10:03:20.093839,6,10
920,-78.6980411,35.7302305,79.998,12.193,2022-02-07 10:03:21.095001,6,10
921,-78.6979868,35.7302309,79.999,12.193,2022-02-07 10:03:22.096194,6,10
922,-78.6979324,35.7302313,80.001,12.193,2022-02-07 10:03:23.097297,6,10
923,-78.6978781,35.7302317,80.0,12.193,2022-02-07 10:03:24.098436,6,10
924,-78.6978238,35.730232,80.0,12.193,2022-02-07 10:03:25.099471,6,10
925,-78.6977696,35.7302324,79.998,12.193,2022-02-07 10:03:26.100854,6,10
926,-78.6977153,35.7302328,79.998,12.193,2022-02-07 10:03:27.101429,6,10
927,-78.6976609,35.7302331,79.997,12.193,2022-02-07 10:03:28.102783,6,10
928,-78.6976066,35.7302335,79.998,12.193,2022-02-07 10:03:29.104076,6,10
929,-78.6975523,35.7302338,79.997,12.193,2022-02-07 10:03:30.104900,6,10
930,-78.6974979,35.7302342,79.997,12.193,2022-02-07 10:03:31.105537,6,10
931,-78.6974436,35.7302345,79.998,12.193,2022-02-07 10:03:32.105805,6,10
932,-78.6973894,35.7302348,79.997,12.193,2022-02-07 10:03:33.106169,6,10
933,-78.6973351,35.7302352,79.999,12.193,2022-02-07 10:03:34.107006,6,10
934,-78.6972808,35.7302355,80.0,12.193,2022-02-07 10:03:35.107828,6,10
935,-78.6972264,35.7302359,79.998,12.193,2022-02-07 10:03:36.108697,6,10
936,-78.6971721,35.7302363,79.998,12.193,2022-02-07 10:03:37.109047,6,10
937,-78.6971178,35.7302366,80.001,12.193,2022-02-07 10:03:38.109296,6,10
938,-78.6970637,35.730237,80.001,12.193,2022-02-07 10:03:39.110463,6,10
939,-78.6970117,35.7302373,80.003,12.242,2022-02-07 10:03:40.111281,6,10
940,-78.6969656,35.7302379,80.001,12.242,2022-02-07 10:03:41.111723,6,10
941,-78.6969299,35.7302387,79.998,12.242,2022-02-07 10:03:42.111946,6,10
942,-78.6969075,35.7302397,79.99,12.242,2022-02-07 10:03:43.113765,6,10
943,-78.6969001,35.7302403,79.981,12.242,2022-02-07 10:03:44.115156,6,10
944,-78.6969007,35.7302403,79.977,12.242,2022-02-07 10:03:45.116470,6,10
945,-78.6969027,35.7302398,79.977,12.242,2022-02-07 10:03:46.118054,6,10
946,-78.6969038,35.730239,79.983,12.242,2022-02-07 10:03:47.118873,6,10
947,-78.6969038,35.7302387,79.992,12.242,2022-02-07 10:03:48.120131,6,10
948,-78.6969035,35.730238,79.998,12.242,2022-02-07 10:03:49.121628,6,10
949,-78.6969017,35.7302326,79.998,12.242,2022-02-07 10:03:50.122307,6,10
950,-78.6968986,35.7302209,79.999,12.242,2022-02-07 10:03:51.123968,6,10
951,-78.6968936,35.730202,80.001,12.242,2022-02-07 10:03:52.125187,6,10
952,-78.6968867,35.730176,80.006,12.193,2022-02-07 10:03:53.125936,6,10
953,-78.6968781,35.7301448,80.009,12.193,2022-02-07 10:03:54.126776,6,10
954,-78.6968684,35.7301102,80.011,12.193,2022-02-07 10:03:55.127908,6,10
955,-78.6968577,35.7300735,80.013,12.193,2022-02-07 10:03:56.130192,6,10
956,-78.6968464,35.7300352,80.012,12.193,2022-02-07 10:03:57.131105,6,10
957,-78.6968347,35.7299957,80.009,12.193,2022-02-07 10:03:58.131878,6,10
958,-78.6968227,35.7299554,80.007,12.193,2022-02-07 10:03:59.133096,6,10
959,-78.6968107,35.7299143,80.006,12.193,2022-02-07 10:04:00.134253,6,10
960,-78.6967986,35.7298726,80.004,12.193,2022-02-07 10:04:01.135388,6,10
961,-78.6967864,35.7298305,80.003,12.193,2022-02-07 10:04:02.136084,6,10
962,-78.6967743,35.7297883,80.001,12.193,2022-02-07 10:04:03.137462,6,10
963,-78.6967621,35.7297459,80.001,12.193,2022-02-07 10:04:04.138073,6,10
964,-78.6967499,35.7297035,80.003,12.193,2022-02-07 10:04:05.139126,6,10
965,-78.6967377,35.7296611,80.005,12.193,2022-02-07 10:04:06.140448,6,10
966,-78.6967255,35.7296185,80.002,12.193,2022-02-07 10:04:07.141020,6,10
967,-78.6967134,35.7295761,80.004,12.193,2022-02-07 10:04:08.142098,6,10
968,-78.6967011,35.7295336,80.004,12.193,2022-02-07 10:04:09.142722,6,10
969,-78.6966889,35.7294911,80.003,12.193,2022-02-07 10:04:10.144071,6,10
970,-78.6966767,35.7294486,80.004,12.193,2022-02-07 10:04:11.144943,6,10
971,-78.6966645,35.729406,80.003,12.193,2022-02-07 10:04:12.145914,6,10
972,-78.6966523,35.7293634,80.003,12.193,2022-02-07 10:04:13.146311,6,10
973,-78.6966401,35.7293208,80.003,12.193,2022-02-07 10:04:14.147741,6,10
974,-78.6966279,35.7292782,80.002,12.193,2022-02-07 10:04:15.148214,6,10
975,-78.6966156,35.7292356,80.003,12.193,2022-02-07 10:04:16.149400,6,10
976,-78.6966032,35.729193,80.003,12.193,2022-02-07 10:04:17.150655,6,10
977,-78.6965909,35.7291504,80.003,12.193,2022-02-07 10:04:18.151321,6,10
978,-78.6965787,35.7291077,80.004,12.193,2022-02-07 10:04:19.153530,6,10
979,-78.6965665,35.729065,80.0,12.193,2022-02-07 10:04:20.154228,6,10
980,-78.6965542,35.7290224,79.998,12.193,2022-02-07 10:04:21.154844,6,10
981,-78.6965419,35.7289797,79.996,12.193,2022-02-07 10:04:22.155904,6,10
982,-78.6965296,35.7289371,79.995,12.193,2022-02-07 10:04:23.156413,6,10
983,-78.6965173,35.7288943,79.995,12.193,2022-02-07 10:04:24.157537,6,10
984,-78.6965051,35.7288515,79.994,12.193,2022-02-07 10:04:25.158690,6,10
985,-78.6964929,35.7288087,79.993,12.193,2022-02-07 10:04:26.160054,6,10
986,-78.6964806,35.728766,79.994,12.193,2022-02-07 10:04:27.161229,6,10
987,-78.6964683,35.7287232,79.994,12.193,2022-02-07 10:04:28.162525,6,10
988,-78.696456,35.7286804,79.994,12.193,2022-02-07 10:04:29.163361,6,10
989,-78.6964437,35.7286376,79.995,12.193,2022-02-07 10:04:30.164760,6,10
990,-78.6964314,35.7285948,79.995,12.193,2022-02-07 10:04:31.166027,6,10
991,-78.6964191,35.728552,79.995,12.193,2022-02-07 10:04:32.167032,6,10
992,-78.6964068,35.7285092,79.997,12.193,2022-02-07 10:04:33.168611,6,10
993,-78.6963944,35.7284663,79.999,12.193,2022-02-07 10:04:34.169445,6,10
994,-78.6963821,35.7284234,80.0,12.193,2022-02-07 10:04:35.170708,6,10
995,-78.6963698,35.7283805,80.003,12.193,2022-02-07 10:04:36.171078,6,10
996,-78.6963575,35.7283376,80.003,12.193,2022-02-07 10:04:37.172242,6,10
997,-78.6963451,35.7282947,80.005,12.193,2022-02-07 10:04:38.173375,6,10
998,-78.6963328,35.7282518,80.004,12.193,2022-02-07 10:04:39.174617,6,10
999,-78.6963205,35.7282089,80.004,12.193,2022-02-07 10:04:40.176174,6,10
1000,-78.6963081,35.7281659,80.004,12.193,2022-02-07 10:04:41.176851,6,10
1001,-78.6962957,35.728123,80.004,12.193,2022-02-07 10:04:42.177577,6,10
1002,-78.6962834,35.7280801,80.004,12.193,2022-02-07 10:04:43.178524,6,10
1003,-78.6962711,35.7280371,80.004,12.193,2022-02-07 10:04:44.179758,6,10
1004,-78.6962588,35.7279941,80.003,12.193,2022-02-07 10:04:45.180788,6,10
1005,-78.6962464,35.7279511,80.003,12.193,2022-02-07 10:04:46.181272,6,10
1006,-78.6962341,35.7279081,80.001,12.193,2022-02-07 10:04:47.181837,6,10
1007,-78.6962217,35.7278651,80.0,12.193,2022-02-07 10:04:48.182445,6,10
1008,-78.6962094,35.727822,79.999,12.193,2022-02-07 10:04:49.183261,6,10
1009,-78.696197,35.727779,79.999,12.193,2022-02-07 10:04:50.184561,6,10
1010,-78.6961847,35.727736,79.999,12.193,2022-02-07 10:04:51.186095,6,10
1011,-78.6961728,35.7276945,80.001,12.242,2022-02-07 10:04:52.187173,6,10
1012,-78.696162,35.7276576,80.004,12.242,2022-02-07 10:04:53.187653,6,10
1013,-78.6961533,35.7276289,80.0,12.242,2022-02-07 10:04:54.188143,6,10
1014,-78.6961476,35.7276107,79.995,12.242,2022-02-07 10:04:55.190946,6,10
1015,-78.6961455,35.7276045,79.988,12.242,2022-02-07 10:04:56.192155,6,10
1016,-78.6961457,35.7276049,79.987,12.242,2022-02-07 10:04:57.192976,6,10
1017,-78.6961465,35.7276065,79.989,12.242,2022-02-07 10:04:58.194212,6,10
1018,-78.6961474,35.727607,79.993,12.242,2022-02-07 10:04:59.195541,6,10
1019,-78.6961474,35.7276023,79.995,12.242,2022-02-07 10:05:00.196203,6,10
1020,-78.6961465,35.7275901,79.996,12.242,2022-02-07 10:05:01.197563,6,10
1021,-78.6961445,35.7275698,79.994,12.193,2022-02-07 10:05:02.198487,6,10
1022,-78.6961417,35.7275421,79.994,12.193,2022-02-07 10:05:03.199169,6,10
1023,-78.696138,35.7275091,79.994,12.193,2022-02-07 10:05:04.200113,6,10
1024,-78.6961338,35.7274728,79.992,12.193,2022-02-07 10:05:05.200780,6,10
1025,-78.6961289,35.7274343,79.992,12.193,2022-02-07 10:05:06.201909,6,10
1026,-78.6961237,35.7273946,79.991,12.193,2022-02-07 10:05:07.202835,6,10
1027,-78.6961186,35.7273556,79.992,12.242,2022-02-07 10:05:08.204060,6,10
1028,-78.6961139,35.7273212,79.995,12.242,2022-02-07 10:05:09.205357,6,10
1029,-78.6961102,35.7272954,79.991,12.242,2022-02-07 10:05:10.205867,6,10
1030,-78.6961081,35.7272808,79.874,12.291,2022-02-07 10:05:11.206369,6,10
1031,-78.6961075,35.7272774,78.953,12.291,2022-02-07 10:05:12.207224,6,10
1032,-78.6961077,35.7272787,77.374,12.242,2022-02-07 10:05:13.208514,6,10
1033,-78.6961084,35.7272803,75.838,12.242,2022-02-07 10:05:14.209062,6,10
1034,-78.696109,35.727281,74.345,12.242,2022-02-07 10:05:15.210146,6,10
1035,-78.6961093,35.7272809,72.85,12.242,2022-02-07 10:05:16.211043,6,10
1036,-78.6961094,35.7272806,71.354,12.242,2022-02-07 10:05:17.212061,6,10
1037,-78.6961094,35.7272803,69.857,12.242,2022-02-07 10:05:18.213183,6,10
1038,-78.6961093,35.7272802,68.36,12.242,2022-02-07 10:05:19.214757,6,10
1039,-78.6961093,35.7272802,66.861,12.242,2022-02-07 10:05:20.215915,6,10
1040,-78.6961093,35.7272802,65.362,12.242,2022-02-07 10:05:21.217453,6,10
1041,-78.6961092,35.7272802,63.864,12.242,2022-02-07 10:05:22.217878,6,10
1042,-78.6961092,35.7272802,62.365,12.242,2022-02-07 10:05:23.219108,6,10
1043,-78.6961091,35.7272802,60.867,12.242,2022-02-07 10:05:24.220071,6,10
1044,-78.6961091,35.7272802,59.367,12.242,2022-02-07 10:05:25.222228,6,10
1045,-78.696109,35.7272803,57.867,12.242,2022-02-07 10:05:26.222703,6,10
1046,-78.696109,35.7272803,56.369,12.242,2022-02-07 10:05:27.223484,6,10
1047,-78.696109,35.7272802,54.87,12.242,2022-02-07 10:05:28.224255,6,10
1048,-78.6961091,35.7272802,53.372,12.242,2022-02-07 10:05:29.225225,6,10
1049,-78.696109,35.7272802,51.873,12.242,2022-02-07 10:05:30.226526,6,10
1050,-78.696109,35.7272802,50.371,12.242,2022-02-07 10:05:31.228336,6,10
1051,-78.696109,35.7272802,48.869,12.242,2022-02-07 10:05:32.229140,6,10
1052,-78.6961089,35.7272802,47.369,12.242,2022-02-07 10:05:33.230085,6,10
1053,-78.6961089,35.7272802,45.868,12.242,2022-02-07 10:05:34.231017,6,10
1054,-78.696109,35.7272802,44.367,12.242,2022-02-07 10:05:35.231892,6,10
1055,-78.696109,35.7272802,42.866,12.242,2022-02-07 10:05:36.232858,6,10
1056,-78.696109,35.7272802,41.366,12.242,2022-02-07 10:05:37.233698,6,10
1057,-78.696109,35.7272802,39.867,12.242,2022-02-07 10:05:38.235953,6,10
1058,-78.6961089,35.7272802,38.367,12.242,2022-02-07 10:05:39.236922,6,10
1059,-78.6961089,35.7272801,36.866,12.242,2022-02-07 10:05:40.237974,6,10
1060,-78.6961089,35.7272801,35.365,12.242,2022-02-07 10:05:41.238939,6,10
1061,-78.6961088,35.72728,33.865,12.242,2022-02-07 10:05:42.240759,6,10
1062,-78.6961088,35.72728,32.366,12.242,2022-02-07 10:05:43.241610,6,10
1063,-78.6961089,35.7272801,30.867,12.242,2022-02-07 10:05:44.242212,6,10
1064,-78.6961089,35.7272802,29.368,12.242,2022-02-07 10:05:45.243175,6,10
1065,-78.6961089,35.7272802,27.869,12.242,2022-02-07 10:05:46.243683,6,10
1066,-78.6961089,35.72728,26.369,12.242,2022-02-07 10:05:47.244114,6,10
1067,-78.6961088,35.72728,24.868,12.242,2022-02-07 10:05:48.245226,6,10
1068,-78.6961088,35.72728,23.367,12.242,2022-02-07 10:05:49.246094,6,10
1069,-78.6961088,35.72728,21.866,12.242,2022-02-07 10:05:50.247458,6,10
1070,-78.6961088,35.72728,20.364,12.242,2022-02-07 10:05:51.249597,6,10
1071,-78.6961088,35.7272801,18.866,12.242,2022-02-07 10:05:52.250892,6,10
1072,-78.6961088,35.72728,17.367,12.242,2022-02-07 10:05:53.252213,6,10
1073,-78.6961088,35.72728,15.866,12.242,2022-02-07 10:05:54.252466,6,10
1074,-78.6961088,35.72728,14.366,12.242,2022-02-07 10:05:55.253580,6,10
1075,-78.6961088,35.72728,12.865,12.242,2022-02-07 10:05:56.254585,6,10
1076,-78.6961088,35.72728,11.367,12.242,2022-02-07 10:05:57.255594,6,10
1077,-78.6961087,35.7272799,10.085,12.193,2022-02-07 10:05:58.257588,6,10
1078,-78.6961087,35.7272799,9.534,12.242,2022-02-07 10:05:59.258344,6,10
1079,-78.6961087,35.7272799,9.091,12.242,2022-02-07 10:06:00.259494,6,10
1080,-78.6961087,35.7272799,8.589,12.242,2022-02-07 10:06:01.260650,6,10
1081,-78.6961087,35.7272799,8.086,12.242,2022-02-07 10:06:02.261514,6,10
1082,-78.6961088,35.7272799,7.583,12.242,2022-02-07 10:06:03.262393,6,10
1083,-78.6961088,35.7272799,7.08,12.242,2022-02-07 10:06:04.263124,6,10
1084,-78.6961087,35.7272799,6.578,12.242,2022-02-07 10:06:05.264602,6,10
1085,-78.6961086,35.7272799,6.076,12.242,2022-02-07 10:06:06.265231,6,10
1086,-78.6961086,35.7272799,5.576,12.242,2022-02-07 10:06:07.266682,6,10
1087,-78.6961087,35.7272799,5.074,12.242,2022-02-07 10:06:08.269074,6,10
1088,-78.6961087,35.7272798,4.572,12.242,2022-02-07 10:06:09.270199,6,10
1089,-78.6961086,35.7272798,4.07,12.242,2022-02-07 10:06:10.270660,6,10
1090,-78.6961086,35.7272798,3.567,12.242,2022-02-07 10:06:11.272768,6,10
1091,-78.6961086,35.7272798,3.066,12.242,2022-02-07 10:06:12.274671,6,10
1092,-78.6961086,35.7272798,2.566,12.242,2022-02-07 10:06:13.275071,6,10
1093,-78.6961086,35.7272799,2.068,12.242,2022-02-07 10:06:14.277347,6,10
1094,-78.6961085,35.7272798,1.57,12.242,2022-02-07 10:06:15.278377,6,10
1095,-78.6961085,35.7272798,1.069,12.242,2022-02-07 10:06:16.279198,6,10
1096,-78.6961085,35.7272797,0.568,12.242,2022-02-07 10:06:17.280546,6,10
1097,-78.6961085,35.7272797,0.068,12.242,2022-02-07 10:06:18.281447,6,10
1098,-78.6961085,35.7272797,0.026,12.538,2022-02-07 10:06:19.282570,6,10
1099,-78.6961085,35.7272797,0.015,12.538,2022-02-07 10:06:20.283273,6,10
