1,-78.6963282,35.7273951,0.009,48.864,2022-01-13 13:58:24.903061,3,14
2,-78.6963284,35.7273951,0.029,48.861,2022-01-13 13:58:25.903916,3,14
3,-78.6963286,35.7273951,0.038,48.863,2022-01-13 13:58:26.904647,3,14
4,-78.6963287,35.7273953,0.051,48.648,2022-01-13 13:58:27.905327,3,14
5,-78.6963285,35.7273954,0.036,48.646,2022-01-13 13:58:28.905959,3,14
6,-78.6963284,35.7273952,0.05,48.652,2022-01-13 13:58:29.906176,3,14
7,-78.6963281,35.7273951,0.052,48.646,2022-01-13 13:58:30.906612,3,14
8,-78.696328,35.7273952,0.055,48.638,2022-01-13 13:58:31.906869,3,14
9,-78.6963278,35.7273949,0.075,47.421,2022-01-13 13:58:32.907366,3,14
10,-78.6963291,35.7273952,0.359,45.686,2022-01-13 13:58:33.907909,3,14
11,-78.6963312,35.7273954,1.882,45.878,2022-01-13 13:58:34.908784,3,14
12,-78.69633,35.7273959,3.916,45.852,2022-01-13 13:58:35.909916,3,14
13,-78.6963293,35.7273959,6.108,45.813,2022-01-13 13:58:36.911064,3,14
14,-78.6963279,35.7273959,8.409,45.747,2022-01-13 13:58:37.912210,3,14
15,-78.6963279,35.7273957,10.733,45.672,2022-01-13 13:58:38.912997,3,14
16,-78.6963282,35.7273947,13.182,45.726,2022-01-13 13:58:39.913646,3,14
17,-78.6963279,35.7273947,15.662,45.711,2022-01-13 13:58:40.914434,3,14
18,-78.6963275,35.7273948,18.159,45.668,2022-01-13 13:58:41.915005,3,14
19,-78.6963268,35.7273949,20.648,45.634,2022-01-13 13:58:42.915301,3,14
20,-78.6963274,35.7273952,23.102,45.629,2022-01-13 13:58:43.915941,3,14
21,-78.6963279,35.7273954,25.522,45.568,2022-01-13 13:58:44.916578,3,14
22,-78.6963285,35.7273954,27.786,46.009,2022-01-13 13:58:45.917017,3,14
23,-78.6963274,35.7273951,29.176,46.042,2022-01-13 13:58:46.918233,3,14
24,-78.6963277,35.7273954,29.687,45.924,2022-01-13 13:58:47.919403,3,14
25,-78.6963282,35.7273952,29.9,45.905,2022-01-13 13:58:48.920574,3,14
26,-78.6963279,35.7273947,30.007,45.818,2022-01-13 13:58:49.921741,3,14
27,-78.6963279,35.7273947,29.997,45.766,2022-01-13 13:58:50.922926,3,14
28,-78.6963277,35.7273947,29.993,45.651,2022-01-13 13:58:51.923357,3,14
29,-78.6963278,35.7273952,29.977,45.691,2022-01-13 13:58:52.924293,3,14
30,-78.6963299,35.7273938,29.932,45.674,2022-01-13 13:58:53.925333,3,14
31,-78.6963399,35.7273872,29.926,45.634,2022-01-13 13:58:54.926255,3,14
32,-78.6963575,35.7273758,29.971,45.776,2022-01-13 13:58:55.926476,3,14
33,-78.6963822,35.7273587,30.01,45.703,2022-01-13 13:58:56.926888,3,14
34,-78.6964126,35.7273378,30.06,45.689,2022-01-13 13:58:57.927195,3,14
35,-78.6964452,35.7273146,30.053,45.756,2022-01-13 13:58:58.928009,3,14
36,-78.6964794,35.7272911,30.047,45.75,2022-01-13 13:58:59.929116,3,14
37,-78.6965091,35.7272701,30.024,45.661,2022-01-13 13:59:00.929335,3,14
38,-78.6965303,35.7272557,29.996,45.6,2022-01-13 13:59:01.930125,3,14
39,-78.6965405,35.7272488,29.964,45.66,2022-01-13 13:59:02.931250,3,14
40,-78.6965422,35.7272473,29.961,45.68,2022-01-13 13:59:03.932431,3,14
41,-78.6965426,35.7272478,29.942,45.6,2022-01-13 13:59:04.933711,3,14
42,-78.696543,35.7272481,29.93,45.519,2022-01-13 13:59:05.934321,3,14
43,-78.6965429,35.7272485,29.946,45.62,2022-01-13 13:59:06.935432,3,14
44,-78.6965427,35.7272491,29.913,45.433,2022-01-13 13:59:07.935716,3,14
45,-78.6965429,35.7272484,29.938,45.565,2022-01-13 13:59:08.937600,3,14
46,-78.6965406,35.7272463,29.97,45.522,2022-01-13 13:59:09.938005,3,14
47,-78.6965331,35.7272405,29.987,45.533,2022-01-13 13:59:10.938759,3,14
48,-78.6965207,35.7272306,30.016,45.523,2022-01-13 13:59:11.939258,3,14
49,-78.6965009,35.7272153,30.004,45.573,2022-01-13 13:59:12.939522,3,14
50,-78.696474,35.7271949,30.037,45.606,2022-01-13 13:59:13.939979,3,14
51,-78.6964434,35.7271721,30.023,45.647,2022-01-13 13:59:14.940845,3,14
52,-78.6964105,35.7271478,30.112,45.764,2022-01-13 13:59:15.941323,3,14
53,-78.6963749,35.727122,30.093,45.692,2022-01-13 13:59:16.942330,3,14
54,-78.696338,35.7270953,30.033,45.583,2022-01-13 13:59:17.942830,3,14
55,-78.6963005,35.7270683,30.049,45.695,2022-01-13 13:59:18.943655,3,14
56,-78.6962625,35.7270405,30.008,45.698,2022-01-13 13:59:19.944283,3,14
57,-78.6962247,35.7270123,29.988,45.704,2022-01-13 13:59:20.945720,3,14
58,-78.6961863,35.7269838,30.023,45.829,2022-01-13 13:59:21.946651,3,14
59,-78.6961471,35.7269548,29.991,45.743,2022-01-13 13:59:22.947753,3,14
60,-78.6961079,35.7269255,29.99,45.638,2022-01-13 13:59:23.948267,3,14
61,-78.6960684,35.7268969,30.02,45.724,2022-01-13 13:59:24.948659,3,14
62,-78.6960317,35.7268701,29.963,45.842,2022-01-13 13:59:25.949993,3,14
63,-78.6960019,35.7268484,29.951,45.844,2022-01-13 13:59:26.950876,3,14
64,-78.6959817,35.7268338,29.906,45.769,2022-01-13 13:59:27.951871,3,14
65,-78.6959714,35.7268263,29.879,45.576,2022-01-13 13:59:28.953280,3,14
66,-78.6959688,35.7268239,29.934,45.563,2022-01-13 13:59:29.954484,3,14
67,-78.6959683,35.7268235,29.954,45.537,2022-01-13 13:59:30.955305,3,14
68,-78.6959681,35.7268229,29.962,45.343,2022-01-13 13:59:31.955745,3,14
69,-78.6959682,35.7268233,29.98,45.353,2022-01-13 13:59:32.956598,3,14
70,-78.6959637,35.7268249,30.033,45.441,2022-01-13 13:59:33.957109,3,14
71,-78.6959503,35.7268269,30.053,45.504,2022-01-13 13:59:34.957376,3,14
72,-78.6959277,35.7268313,30.069,45.496,2022-01-13 13:59:35.957834,3,14
73,-78.6958942,35.7268387,30.065,45.551,2022-01-13 13:59:36.959029,3,14
74,-78.6958542,35.7268482,30.036,45.473,2022-01-13 13:59:37.960142,3,14
75,-78.6958114,35.7268583,30.025,45.543,2022-01-13 13:59:38.960944,3,14
76,-78.6957666,35.7268694,30.031,45.608,2022-01-13 13:59:39.961567,3,14
77,-78.6957203,35.7268809,30.027,45.485,2022-01-13 13:59:40.961940,3,14
78,-78.6956727,35.7268927,29.999,45.494,2022-01-13 13:59:41.963215,3,14
79,-78.6956236,35.7269045,29.99,45.513,2022-01-13 13:59:42.964216,3,14
80,-78.6955737,35.7269163,29.995,45.577,2022-01-13 13:59:43.964776,3,14
81,-78.695523,35.7269282,29.994,45.557,2022-01-13 13:59:44.965509,3,14
82,-78.6954721,35.7269403,30.008,45.554,2022-01-13 13:59:45.966477,3,14
83,-78.6954211,35.7269532,29.997,45.51,2022-01-13 13:59:46.967569,3,14
84,-78.6953695,35.7269662,30.01,45.488,2022-01-13 13:59:47.969132,3,14
85,-78.6953177,35.7269784,30.011,45.477,2022-01-13 13:59:48.970289,3,14
86,-78.6952656,35.7269904,30.005,45.373,2022-01-13 13:59:49.970454,3,14
87,-78.6952152,35.7270025,30.019,45.418,2022-01-13 13:59:50.971035,3,14
88,-78.6951701,35.7270131,30.016,45.436,2022-01-13 13:59:51.971871,3,14
89,-78.6951357,35.7270215,29.976,45.511,2022-01-13 13:59:52.972609,3,14
90,-78.6951125,35.7270275,29.979,45.361,2022-01-13 13:59:53.973491,3,14
91,-78.6951016,35.7270303,29.982,45.369,2022-01-13 13:59:54.974636,3,14
92,-78.6950995,35.7270311,29.979,45.315,2022-01-13 13:59:55.975787,3,14
93,-78.6950992,35.7270308,29.957,45.346,2022-01-13 13:59:56.976584,3,14
94,-78.6950994,35.7270304,29.961,45.191,2022-01-13 13:59:57.977452,3,14
95,-78.6950993,35.7270294,29.967,45.306,2022-01-13 13:59:58.977974,3,14
96,-78.6950988,35.7270274,29.974,45.269,2022-01-13 13:59:59.978067,3,14
97,-78.6950948,35.7270183,30.006,45.32,2022-01-13 14:00:00.978961,3,14
98,-78.6950894,35.7270021,30.032,45.309,2022-01-13 14:00:01.979733,3,14
99,-78.6950821,35.7269775,30.046,45.392,2022-01-13 14:00:02.980026,3,14
100,-78.6950735,35.7269466,30.03,45.556,2022-01-13 14:00:03.980371,3,14
101,-78.6950633,35.7269126,30.029,45.499,2022-01-13 14:00:04.981591,3,14
102,-78.6950522,35.7268764,30.042,45.55,2022-01-13 14:00:05.982463,3,14
103,-78.6950403,35.7268387,30.074,45.491,2022-01-13 14:00:06.983012,3,14
104,-78.695028,35.7267998,30.019,45.45,2022-01-13 14:00:07.984242,3,14
105,-78.695015,35.7267603,30.009,45.438,2022-01-13 14:00:08.984909,3,14
106,-78.6950021,35.7267203,30.01,45.511,2022-01-13 14:00:09.985508,3,14
107,-78.6949896,35.7266795,30.002,45.534,2022-01-13 14:00:10.985726,3,14
108,-78.694977,35.7266383,29.978,45.684,2022-01-13 14:00:11.987137,3,14
109,-78.6949641,35.7265969,29.966,45.602,2022-01-13 14:00:12.987354,3,14
110,-78.694951,35.7265549,29.97,45.677,2022-01-13 14:00:13.988028,3,14
111,-78.694938,35.7265125,29.959,45.689,2022-01-13 14:00:14.988967,3,14
112,-78.6949252,35.7264698,29.908,45.511,2022-01-13 14:00:15.989959,3,14
113,-78.6949124,35.7264266,29.959,45.566,2022-01-13 14:00:16.990489,3,14
114,-78.6948992,35.7263835,29.965,45.703,2022-01-13 14:00:17.991014,3,14
115,-78.6948862,35.7263406,29.955,45.632,2022-01-13 14:00:18.991226,3,14
116,-78.694873,35.7262976,29.984,45.64,2022-01-13 14:00:19.991520,3,14
117,-78.6948606,35.7262546,29.989,45.487,2022-01-13 14:00:20.991834,3,14
118,-78.6948478,35.7262117,30.009,45.695,2022-01-13 14:00:21.992908,3,14
119,-78.6948343,35.7261688,29.95,45.603,2022-01-13 14:00:22.993456,3,14
120,-78.6948212,35.7261252,29.959,45.672,2022-01-13 14:00:23.993720,3,14
121,-78.6948084,35.7260814,29.968,45.728,2022-01-13 14:00:24.994608,3,14
122,-78.6947956,35.726038,29.967,45.75,2022-01-13 14:00:25.994893,3,14
123,-78.6947819,35.7259939,29.961,45.491,2022-01-13 14:00:26.995434,3,14
124,-78.6947687,35.7259503,29.987,45.62,2022-01-13 14:00:27.995615,3,14
125,-78.6947551,35.7259068,29.996,45.629,2022-01-13 14:00:28.995794,3,14
126,-78.6947408,35.725863,29.988,45.614,2022-01-13 14:00:29.996204,3,14
127,-78.6947273,35.7258193,30.013,45.592,2022-01-13 14:00:30.996731,3,14
128,-78.6947146,35.725775,29.989,45.554,2022-01-13 14:00:31.997084,3,14
129,-78.6947019,35.7257313,29.937,45.468,2022-01-13 14:00:32.997216,3,14
130,-78.6946888,35.7256883,29.95,45.651,2022-01-13 14:00:33.997624,3,14
131,-78.6946751,35.7256449,29.947,45.468,2022-01-13 14:00:34.997823,3,14
132,-78.6946618,35.7256011,29.925,45.422,2022-01-13 14:00:35.998350,3,14
133,-78.694648,35.7255574,29.947,45.566,2022-01-13 14:00:36.999571,3,14
134,-78.6946351,35.7255138,29.949,45.468,2022-01-13 14:00:38.000659,3,14
135,-78.694622,35.7254705,29.965,45.658,2022-01-13 14:00:39.001863,3,14
136,-78.6946088,35.7254285,29.975,45.691,2022-01-13 14:00:40.002481,3,14
137,-78.6945974,35.725391,29.959,45.626,2022-01-13 14:00:41.003576,3,14
138,-78.6945884,35.7253622,29.928,45.37,2022-01-13 14:00:42.004543,3,14
139,-78.6945827,35.7253439,29.925,45.496,2022-01-13 14:00:43.005510,3,14
140,-78.694579,35.7253352,29.952,45.367,2022-01-13 14:00:44.006679,3,14
141,-78.6945776,35.7253325,30.016,45.303,2022-01-13 14:00:45.007846,3,14
142,-78.6945779,35.7253315,30.026,45.283,2022-01-13 14:00:46.008621,3,14
143,-78.6945784,35.7253311,29.982,45.099,2022-01-13 14:00:47.009097,3,14
144,-78.6945793,35.7253307,29.993,45.217,2022-01-13 14:00:48.010004,3,14
145,-78.6945822,35.7253321,29.998,45.218,2022-01-13 14:00:49.011010,3,14
146,-78.6945924,35.7253324,29.975,45.226,2022-01-13 14:00:50.011458,3,14
147,-78.6946125,35.725333,29.978,45.197,2022-01-13 14:00:51.011655,3,14
148,-78.6946415,35.7253334,29.997,45.238,2022-01-13 14:00:52.012070,3,14
149,-78.694679,35.7253339,30.056,45.238,2022-01-13 14:00:53.012591,3,14
150,-78.6947224,35.7253348,30.097,45.182,2022-01-13 14:00:54.013098,3,14
151,-78.6947682,35.7253361,30.119,45.212,2022-01-13 14:00:55.013497,3,14
152,-78.6948156,35.7253374,30.05,45.139,2022-01-13 14:00:56.013955,3,14
153,-78.6948649,35.7253385,30.005,45.136,2022-01-13 14:00:57.014188,3,14
154,-78.6949157,35.7253395,29.982,45.214,2022-01-13 14:00:58.015243,3,14
155,-78.6949668,35.7253404,29.97,45.235,2022-01-13 14:00:59.015637,3,14
156,-78.6950196,35.7253424,29.922,45.159,2022-01-13 14:01:00.016958,3,14
157,-78.695072,35.7253439,29.962,45.26,2022-01-13 14:01:01.017237,3,14
158,-78.6951243,35.7253453,29.997,45.234,2022-01-13 14:01:02.017479,3,14
159,-78.695177,35.7253467,29.991,45.255,2022-01-13 14:01:03.018410,3,14
160,-78.6952306,35.7253487,30.01,45.406,2022-01-13 14:01:04.018501,3,14
161,-78.6952839,35.72535,29.974,45.358,2022-01-13 14:01:05.018926,3,14
162,-78.6953376,35.7253514,29.926,45.335,2022-01-13 14:01:06.019487,3,14
163,-78.6953918,35.7253531,29.916,45.323,2022-01-13 14:01:07.019872,3,14
164,-78.6954463,35.7253547,29.989,45.378,2022-01-13 14:01:08.020315,3,14
165,-78.6955013,35.7253564,29.956,45.053,2022-01-13 14:01:09.021119,3,14
166,-78.6955573,35.7253582,29.986,45.274,2022-01-13 14:01:10.021597,3,14
167,-78.6956124,35.72536,29.982,45.189,2022-01-13 14:01:11.022336,3,14
168,-78.6956677,35.7253612,29.964,45.168,2022-01-13 14:01:12.022624,3,14
169,-78.6957231,35.7253624,29.954,45.171,2022-01-13 14:01:13.022871,3,14
170,-78.6957777,35.7253637,29.956,45.153,2022-01-13 14:01:14.023872,3,14
171,-78.6958322,35.7253657,29.983,45.172,2022-01-13 14:01:15.024134,3,14
172,-78.6958871,35.7253676,29.971,45.223,2022-01-13 14:01:16.025227,3,14
173,-78.6959419,35.725369,29.918,45.154,2022-01-13 14:01:17.025753,3,14
174,-78.6959968,35.7253699,29.948,45.257,2022-01-13 14:01:18.026332,3,14
175,-78.6960516,35.7253711,29.979,45.264,2022-01-13 14:01:19.028034,3,14
176,-78.6961061,35.7253726,29.987,45.35,2022-01-13 14:01:20.028329,3,14
177,-78.6961611,35.7253744,29.925,45.28,2022-01-13 14:01:21.029194,3,14
178,-78.6962164,35.7253767,29.959,45.239,2022-01-13 14:01:22.029712,3,14
179,-78.6962716,35.725378,29.983,45.157,2022-01-13 14:01:23.029884,3,14
180,-78.6963263,35.7253793,29.97,45.183,2022-01-13 14:01:24.030066,3,14
181,-78.6963809,35.7253803,29.956,45.241,2022-01-13 14:01:25.030310,3,14
182,-78.6964361,35.725382,29.965,45.255,2022-01-13 14:01:26.030675,3,14
183,-78.6964914,35.7253833,29.919,45.31,2022-01-13 14:01:27.031464,3,14
184,-78.6965466,35.7253847,29.909,45.251,2022-01-13 14:01:28.031790,3,14
185,-78.696602,35.7253863,29.915,45.264,2022-01-13 14:01:29.032407,3,14
186,-78.6966577,35.7253881,29.936,45.229,2022-01-13 14:01:30.032967,3,14
187,-78.6967137,35.7253895,29.962,45.226,2022-01-13 14:01:31.033525,3,14
188,-78.6967694,35.7253918,29.98,45.218,2022-01-13 14:01:32.033698,3,14
189,-78.6968247,35.7253935,29.977,45.2,2022-01-13 14:01:33.033874,3,14
190,-78.6968799,35.7253952,29.942,45.2,2022-01-13 14:01:34.034493,3,14
191,-78.6969342,35.7253962,29.947,45.202,2022-01-13 14:01:35.034993,3,14
192,-78.6969894,35.7253977,29.925,45.116,2022-01-13 14:01:36.035867,3,14
193,-78.697045,35.7253989,29.962,45.174,2022-01-13 14:01:37.036291,3,14
194,-78.6971006,35.7254006,29.959,45.088,2022-01-13 14:01:38.036591,3,14
195,-78.697156,35.725402,29.974,45.119,2022-01-13 14:01:39.037382,3,14
196,-78.6972114,35.7254035,29.971,45.065,2022-01-13 14:01:40.037571,3,14
197,-78.6972666,35.7254053,29.952,45.085,2022-01-13 14:01:41.038586,3,14
198,-78.6973215,35.7254069,29.974,45.094,2022-01-13 14:01:42.039094,3,14
199,-78.6973763,35.7254084,30.001,45.12,2022-01-13 14:01:43.039250,3,14
200,-78.6974318,35.72541,29.982,44.989,2022-01-13 14:01:44.040127,3,14
201,-78.6974869,35.7254116,30.003,45.088,2022-01-13 14:01:45.040265,3,14
202,-78.6975421,35.7254126,30.021,45.045,2022-01-13 14:01:46.040603,3,14
203,-78.697598,35.7254138,29.989,45.057,2022-01-13 14:01:47.041487,3,14
204,-78.697653,35.7254153,30.019,45.068,2022-01-13 14:01:48.042317,3,14
205,-78.6977074,35.7254166,30.022,45.123,2022-01-13 14:01:49.043179,3,14
206,-78.6977626,35.7254183,30.004,45.122,2022-01-13 14:01:50.044166,3,14
207,-78.6978177,35.7254194,30.049,45.234,2022-01-13 14:01:51.044606,3,14
208,-78.6978726,35.7254214,30.029,45.208,2022-01-13 14:01:52.045532,3,14
209,-78.6979275,35.7254232,30.013,45.194,2022-01-13 14:01:53.046455,3,14
210,-78.6979826,35.7254251,29.959,45.209,2022-01-13 14:01:54.046771,3,14
211,-78.6980366,35.7254257,29.986,45.222,2022-01-13 14:01:55.047353,3,14
212,-78.6980866,35.7254266,29.991,45.186,2022-01-13 14:01:56.048454,3,14
213,-78.6981269,35.7254279,30.005,45.222,2022-01-13 14:01:57.048574,3,14
214,-78.6981554,35.7254293,30.047,45.2,2022-01-13 14:01:58.049695,3,14
215,-78.698171,35.7254301,30.014,45.145,2022-01-13 14:01:59.050862,3,14
216,-78.6981747,35.7254302,30.036,45.252,2022-01-13 14:02:00.052076,3,14
217,-78.6981744,35.7254291,30.046,45.248,2022-01-13 14:02:01.052230,3,14
218,-78.6981763,35.7254302,30.021,45.194,2022-01-13 14:02:02.052391,3,14
219,-78.6981868,35.7254321,30.013,45.169,2022-01-13 14:02:03.052682,3,14
220,-78.6982063,35.7254329,30.048,45.13,2022-01-13 14:02:04.053258,3,14
221,-78.6982361,35.7254341,30.04,45.148,2022-01-13 14:02:05.054133,3,14
222,-78.6982743,35.7254359,30.027,45.215,2022-01-13 14:02:06.055300,3,14
223,-78.6983179,35.7254374,30.027,45.182,2022-01-13 14:02:07.056193,3,14
224,-78.698364,35.725439,30.03,45.183,2022-01-13 14:02:08.056476,3,14
225,-78.6984128,35.7254412,30.032,45.123,2022-01-13 14:02:09.057329,3,14
226,-78.6984628,35.7254429,30.045,45.139,2022-01-13 14:02:10.058580,3,14
227,-78.6985137,35.7254451,30.033,45.131,2022-01-13 14:02:11.059257,3,14
228,-78.6985658,35.7254475,30.011,45.11,2022-01-13 14:02:12.060019,3,14
229,-78.6986186,35.7254499,30.007,45.099,2022-01-13 14:02:13.061042,3,14
230,-78.6986713,35.725452,30.03,45.134,2022-01-13 14:02:14.061849,3,14
231,-78.6987242,35.725454,30.033,45.114,2022-01-13 14:02:15.062601,3,14
232,-78.698777,35.7254561,30.013,45.097,2022-01-13 14:02:16.063748,3,14
233,-78.6988303,35.7254584,30.011,45.08,2022-01-13 14:02:17.064666,3,14
234,-78.6988982,35.7254618,30.027,45.114,2022-01-13 14:02:18.065626,3,14
235,-78.6989526,35.7254646,30.023,45.103,2022-01-13 14:02:19.066663,3,14
236,-78.6990076,35.7254672,30.016,45.123,2022-01-13 14:02:20.067675,3,14
237,-78.6990627,35.7254699,30.002,45.067,2022-01-13 14:02:21.068287,3,14
238,-78.6991175,35.7254721,30.039,45.07,2022-01-13 14:02:22.068532,3,14
239,-78.6991722,35.7254744,30.042,45.11,2022-01-13 14:02:23.069193,3,14
240,-78.6992267,35.7254765,30.025,45.082,2022-01-13 14:02:24.070822,3,14
241,-78.6992812,35.7254792,30.006,45.12,2022-01-13 14:02:25.071176,3,14
242,-78.6993364,35.7254818,30.026,45.047,2022-01-13 14:02:26.071670,3,14
243,-78.6993908,35.7254844,30.029,45.093,2022-01-13 14:02:27.073627,3,14
244,-78.6994448,35.7254866,30.036,45.137,2022-01-13 14:02:28.075611,3,14
245,-78.6994999,35.7254893,30.043,45.121,2022-01-13 14:02:29.076215,3,14
246,-78.6995549,35.7254915,30.036,44.962,2022-01-13 14:02:30.076367,3,14
247,-78.6996104,35.7254941,30.04,45.122,2022-01-13 14:02:31.076660,3,14
248,-78.6996659,35.7254966,30.013,45.102,2022-01-13 14:02:32.077138,3,14
249,-78.6997209,35.7254987,29.983,45.102,2022-01-13 14:02:33.077442,3,14
250,-78.6997754,35.7255006,29.946,45.022,2022-01-13 14:02:34.078072,3,14
251,-78.6998306,35.7255029,29.955,45.053,2022-01-13 14:02:35.078599,3,14
252,-78.6998858,35.7255055,29.954,45.159,2022-01-13 14:02:36.079127,3,14
253,-78.6999412,35.725508,29.94,45.176,2022-01-13 14:02:37.080280,3,14
254,-78.6999955,35.7255104,29.93,45.14,2022-01-13 14:02:38.081113,3,14
255,-78.7000505,35.7255134,29.948,45.131,2022-01-13 14:02:39.081438,3,14
256,-78.7001055,35.7255162,29.982,45.11,2022-01-13 14:02:40.081750,3,14
257,-78.7001604,35.7255185,29.99,45.025,2022-01-13 14:02:41.082235,3,14
258,-78.7002155,35.7255208,30.0,45.073,2022-01-13 14:02:42.083229,3,14
259,-78.7002711,35.7255233,29.977,45.06,2022-01-13 14:02:43.084319,3,14
260,-78.7003271,35.7255257,29.978,45.009,2022-01-13 14:02:44.084797,3,14
261,-78.7003823,35.7255277,29.96,44.975,2022-01-13 14:02:45.085555,3,14
262,-78.7004344,35.72553,29.981,45.103,2022-01-13 14:02:46.086032,3,14
263,-78.7004792,35.7255321,29.978,45.056,2022-01-13 14:02:47.086589,3,14
264,-78.700513,35.7255338,29.971,45.005,2022-01-13 14:02:48.087262,3,14
265,-78.7005337,35.7255347,29.939,44.953,2022-01-13 14:02:49.087790,3,14
266,-78.700541,35.7255352,29.941,44.976,2022-01-13 14:02:50.087995,3,14
267,-78.7005415,35.7255354,29.945,44.969,2022-01-13 14:02:51.089119,3,14
268,-78.7005414,35.7255359,30.004,45.001,2022-01-13 14:02:52.090538,3,14
269,-78.7005421,35.7255357,29.983,44.841,2022-01-13 14:02:53.091750,3,14
270,-78.7005436,35.7255355,30.007,44.998,2022-01-13 14:02:54.093463,3,14
271,-78.700544,35.7255389,30.011,44.947,2022-01-13 14:02:55.094332,3,14
272,-78.7005408,35.7255496,29.989,44.943,2022-01-13 14:02:56.094681,3,14
273,-78.7005364,35.7255676,29.978,44.932,2022-01-13 14:02:57.095172,3,14
274,-78.7005316,35.7255936,30.0,44.993,2022-01-13 14:02:58.095504,3,14
275,-78.7005261,35.7256248,30.056,45.004,2022-01-13 14:02:59.095738,3,14
276,-78.7005202,35.72566,30.081,45.039,2022-01-13 14:03:00.096877,3,14
277,-78.7005144,35.7256973,30.071,45.017,2022-01-13 14:03:01.097078,3,14
278,-78.7005084,35.7257365,30.046,44.966,2022-01-13 14:03:02.097544,3,14
279,-78.7005012,35.7257772,30.044,45.084,2022-01-13 14:03:03.097939,3,14
280,-78.7004937,35.7258187,30.047,44.982,2022-01-13 14:03:04.098273,3,14
281,-78.7004868,35.7258604,30.022,44.996,2022-01-13 14:03:05.100132,3,14
282,-78.7004799,35.7259022,30.02,44.985,2022-01-13 14:03:06.101159,3,14
283,-78.7004729,35.7259443,30.02,44.953,2022-01-13 14:03:07.101546,3,14
284,-78.700465,35.7259869,30.024,45.189,2022-01-13 14:03:08.102880,3,14
285,-78.7004577,35.7260295,30.02,45.103,2022-01-13 14:03:09.103413,3,14
286,-78.7004476,35.7260736,30.062,45.156,2022-01-13 14:03:10.103616,3,14
287,-78.7004412,35.7261168,30.091,45.044,2022-01-13 14:03:11.103752,3,14
288,-78.7004355,35.7261603,30.056,45.084,2022-01-13 14:03:12.104768,3,14
289,-78.7004286,35.726204,30.006,45.053,2022-01-13 14:03:13.105260,3,14
290,-78.7004214,35.7262483,29.993,45.01,2022-01-13 14:03:14.106206,3,14
291,-78.7004144,35.7262926,30.042,45.033,2022-01-13 14:03:15.107171,3,14
292,-78.7004063,35.7263364,30.047,45.002,2022-01-13 14:03:16.107775,3,14
293,-78.7003972,35.7263809,30.014,44.966,2022-01-13 14:03:17.108051,3,14
294,-78.700389,35.7264246,29.976,45.048,2022-01-13 14:03:18.108306,3,14
295,-78.700381,35.726469,30.005,44.941,2022-01-13 14:03:19.110017,3,14
296,-78.7003738,35.7265131,30.032,45.027,2022-01-13 14:03:20.110253,3,14
297,-78.7003658,35.7265575,30.033,45.005,2022-01-13 14:03:21.110659,3,14
298,-78.7003581,35.726602,30.023,44.924,2022-01-13 14:03:22.111011,3,14
299,-78.7003504,35.7266466,30.031,44.924,2022-01-13 14:03:23.111257,3,14
300,-78.7003427,35.7266906,30.048,44.943,2022-01-13 14:03:24.112353,3,14
301,-78.700334,35.7267349,30.052,44.916,2022-01-13 14:03:25.112558,3,14
302,-78.7003263,35.7267796,30.04,44.941,2022-01-13 14:03:26.113524,3,14
303,-78.7003187,35.7268242,30.003,44.993,2022-01-13 14:03:27.114272,3,14
304,-78.7003114,35.726869,29.989,44.966,2022-01-13 14:03:28.114888,3,14
305,-78.7003038,35.7269138,30.012,44.979,2022-01-13 14:03:29.116311,3,14
306,-78.7002964,35.7269582,30.013,44.92,2022-01-13 14:03:30.117406,3,14
307,-78.7002886,35.7270024,30.069,44.967,2022-01-13 14:03:31.117680,3,14
308,-78.700281,35.7270463,30.04,44.958,2022-01-13 14:03:32.117884,3,14
309,-78.7002735,35.7270909,30.053,45.025,2022-01-13 14:03:33.118352,3,14
310,-78.7002662,35.7271351,30.026,44.972,2022-01-13 14:03:34.118613,3,14
311,-78.7002583,35.7271797,29.999,44.999,2022-01-13 14:03:35.119771,3,14
312,-78.7002506,35.7272244,30.002,44.954,2022-01-13 14:03:36.120766,3,14
313,-78.700243,35.7272694,30.012,44.985,2022-01-13 14:03:37.121288,3,14
314,-78.7002357,35.7273141,29.993,44.959,2022-01-13 14:03:38.122163,3,14
315,-78.7002283,35.727358,29.995,44.944,2022-01-13 14:03:39.122472,3,14
316,-78.70022,35.7274021,30.021,44.921,2022-01-13 14:03:40.122702,3,14
317,-78.7002125,35.7274462,30.05,44.984,2022-01-13 14:03:41.123007,3,14
318,-78.7002056,35.7274908,30.058,44.938,2022-01-13 14:03:42.123828,3,14
319,-78.700198,35.7275355,30.059,44.837,2022-01-13 14:03:43.124180,3,14
320,-78.70019,35.7275802,30.064,44.979,2022-01-13 14:03:44.124379,3,14
321,-78.7001816,35.7276242,30.028,44.926,2022-01-13 14:03:45.124957,3,14
322,-78.7001733,35.7276684,30.038,44.87,2022-01-13 14:03:46.125831,3,14
323,-78.7001655,35.7277127,30.029,44.904,2022-01-13 14:03:47.126019,3,14
324,-78.7001569,35.7277569,30.022,44.956,2022-01-13 14:03:48.126288,3,14
325,-78.7001501,35.7278015,29.997,44.935,2022-01-13 14:03:49.126780,3,14
326,-78.7001434,35.7278465,29.987,44.878,2022-01-13 14:03:50.127735,3,14
327,-78.7001358,35.7278915,30.004,44.941,2022-01-13 14:03:51.128842,3,14
328,-78.7001278,35.7279363,30.015,44.953,2022-01-13 14:03:52.129247,3,14
329,-78.7001199,35.7279806,30.03,44.884,2022-01-13 14:03:53.129760,3,14
330,-78.7001123,35.7280251,30.038,44.919,2022-01-13 14:03:54.130419,3,14
331,-78.7001046,35.7280694,30.012,44.858,2022-01-13 14:03:55.130745,3,14
332,-78.7000968,35.7281139,30.045,44.923,2022-01-13 14:03:56.131158,3,14
333,-78.7000892,35.7281583,30.051,44.906,2022-01-13 14:03:57.131291,3,14
334,-78.7000821,35.7282023,30.028,44.854,2022-01-13 14:03:58.131785,3,14
335,-78.7000743,35.7282466,30.041,44.829,2022-01-13 14:03:59.132704,3,14
336,-78.7000661,35.7282917,30.058,44.824,2022-01-13 14:04:00.133315,3,14
337,-78.7000582,35.7283361,30.052,44.892,2022-01-13 14:04:01.133571,3,14
338,-78.70005,35.7283808,30.042,44.875,2022-01-13 14:04:02.134202,3,14
339,-78.7000421,35.7284256,30.079,44.874,2022-01-13 14:04:03.134912,3,14
340,-78.700035,35.72847,30.072,44.817,2022-01-13 14:04:04.135484,3,14
341,-78.7000275,35.7285142,30.073,44.803,2022-01-13 14:04:05.136078,3,14
342,-78.7000199,35.7285583,30.08,44.861,2022-01-13 14:04:06.136339,3,14
343,-78.7000122,35.7286024,30.066,44.795,2022-01-13 14:04:07.136803,3,14
344,-78.7000048,35.7286465,30.031,44.846,2022-01-13 14:04:08.137059,3,14
345,-78.6999969,35.7286902,30.016,44.834,2022-01-13 14:04:09.137857,3,14
346,-78.6999886,35.7287341,30.021,44.878,2022-01-13 14:04:10.138498,3,14
347,-78.6999809,35.7287781,29.998,44.86,2022-01-13 14:04:11.140580,3,14
348,-78.6999731,35.7288224,30.004,44.864,2022-01-13 14:04:12.141090,3,14
349,-78.6999652,35.7288669,30.029,44.893,2022-01-13 14:04:13.141554,3,14
350,-78.6999568,35.7289111,30.02,44.897,2022-01-13 14:04:14.142617,3,14
351,-78.6999484,35.7289552,30.014,44.959,2022-01-13 14:04:15.142996,3,14
352,-78.6999408,35.7290002,29.998,44.855,2022-01-13 14:04:16.143922,3,14
353,-78.6999342,35.7290457,30.056,44.843,2022-01-13 14:04:17.144423,3,14
354,-78.6999274,35.7290913,30.047,44.829,2022-01-13 14:04:18.144959,3,14
355,-78.69992,35.7291358,30.04,44.745,2022-01-13 14:04:19.145593,3,14
356,-78.6999125,35.7291797,30.034,44.78,2022-01-13 14:04:20.146073,3,14
357,-78.6999038,35.7292237,30.031,44.768,2022-01-13 14:04:21.147545,3,14
358,-78.6998959,35.7292679,30.015,44.765,2022-01-13 14:04:22.148337,3,14
359,-78.6998888,35.7293119,30.023,44.765,2022-01-13 14:04:23.148539,3,14
360,-78.6998812,35.7293557,30.05,44.783,2022-01-13 14:04:24.149412,3,14
361,-78.6998737,35.7293996,30.047,44.766,2022-01-13 14:04:25.149639,3,14
362,-78.6998655,35.7294439,30.019,44.748,2022-01-13 14:04:26.150651,3,14
363,-78.6998574,35.7294884,30.001,44.717,2022-01-13 14:04:27.150882,3,14
364,-78.6998499,35.7295329,29.995,44.743,2022-01-13 14:04:28.151220,3,14
365,-78.6998425,35.7295774,29.98,44.762,2022-01-13 14:04:29.151704,3,14
366,-78.699835,35.7296222,29.988,44.749,2022-01-13 14:04:30.152687,3,14
367,-78.6998274,35.7296673,29.989,44.692,2022-01-13 14:04:31.153599,3,14
368,-78.6998199,35.7297123,29.989,44.678,2022-01-13 14:04:32.154523,3,14
369,-78.6998121,35.7297569,30.021,44.714,2022-01-13 14:04:33.155359,3,14
370,-78.6998048,35.7298011,30.029,44.702,2022-01-13 14:04:34.157151,3,14
371,-78.6997976,35.7298449,30.026,44.66,2022-01-13 14:04:35.157927,3,14
372,-78.6997894,35.7298888,30.032,44.694,2022-01-13 14:04:36.158521,3,14
373,-78.6997815,35.7299327,30.027,44.717,2022-01-13 14:04:37.159552,3,14
374,-78.6997736,35.7299771,29.998,44.656,2022-01-13 14:04:38.160585,3,14
375,-78.6997658,35.7300211,29.991,44.656,2022-01-13 14:04:39.161026,3,14
376,-78.6997582,35.7300649,30.005,44.691,2022-01-13 14:04:40.161532,3,14
377,-78.6997503,35.7301084,30.022,44.694,2022-01-13 14:04:41.161704,3,14
378,-78.6997429,35.7301487,30.06,44.656,2022-01-13 14:04:42.162130,3,14
379,-78.6997376,35.7301812,30.036,44.667,2022-01-13 14:04:43.164280,3,14
380,-78.6997338,35.7302037,30.048,44.674,2022-01-13 14:04:44.165379,3,14
381,-78.6997321,35.7302159,30.009,44.653,2022-01-13 14:04:45.166583,3,14
382,-78.6997319,35.7302188,30.029,44.674,2022-01-13 14:04:46.167755,3,14
383,-78.6997318,35.7302189,30.067,44.733,2022-01-13 14:04:47.169307,3,14
384,-78.6997325,35.7302189,30.055,44.501,2022-01-13 14:04:48.170332,3,14
385,-78.699733,35.7302191,30.026,44.601,2022-01-13 14:04:49.170939,3,14
386,-78.6997313,35.7302197,30.036,44.629,2022-01-13 14:04:50.171543,3,14
387,-78.69972,35.7302195,30.029,44.677,2022-01-13 14:04:51.171965,3,14
388,-78.6996986,35.7302187,30.069,44.763,2022-01-13 14:04:52.172599,3,14
389,-78.6996671,35.7302187,30.091,44.719,2022-01-13 14:04:53.173005,3,14
390,-78.6996282,35.7302186,30.089,44.756,2022-01-13 14:04:54.173404,3,14
391,-78.6995847,35.7302194,30.041,44.782,2022-01-13 14:04:55.174417,3,14
392,-78.6995386,35.7302204,30.042,44.803,2022-01-13 14:04:56.174793,3,14
393,-78.6994902,35.7302206,30.052,44.812,2022-01-13 14:04:57.175076,3,14
394,-78.6994407,35.7302213,30.059,44.797,2022-01-13 14:04:58.175309,3,14
395,-78.699391,35.7302214,30.026,44.757,2022-01-13 14:04:59.175833,3,14
396,-78.6993399,35.7302218,30.021,44.802,2022-01-13 14:05:00.176892,3,14
397,-78.699288,35.7302221,30.013,44.757,2022-01-13 14:05:01.177776,3,14
398,-78.6992354,35.7302224,30.018,44.729,2022-01-13 14:05:02.178317,3,14
399,-78.6991827,35.7302229,30.01,44.78,2022-01-13 14:05:03.179247,3,14
400,-78.6991292,35.7302232,30.017,44.806,2022-01-13 14:05:04.180177,3,14
401,-78.6990756,35.7302237,30.011,44.771,2022-01-13 14:05:05.180861,3,14
402,-78.6990214,35.730224,30.011,44.824,2022-01-13 14:05:06.181374,3,14
403,-78.6989666,35.7302244,30.032,44.815,2022-01-13 14:05:07.181834,3,14
404,-78.6989121,35.7302251,30.03,44.823,2022-01-13 14:05:08.182609,3,14
405,-78.6988577,35.7302253,30.041,44.719,2022-01-13 14:05:09.183589,3,14
406,-78.6988027,35.7302254,30.046,44.832,2022-01-13 14:05:10.183981,3,14
407,-78.698748,35.7302257,30.035,44.731,2022-01-13 14:05:11.184378,3,14
408,-78.6986933,35.7302264,30.051,44.785,2022-01-13 14:05:12.186135,3,14
409,-78.698638,35.7302271,30.065,44.826,2022-01-13 14:05:13.186307,3,14
410,-78.6985832,35.7302274,30.043,44.863,2022-01-13 14:05:14.186735,3,14
411,-78.6985287,35.7302278,30.003,44.805,2022-01-13 14:05:15.187065,3,14
412,-78.6984736,35.7302284,30.028,44.808,2022-01-13 14:05:16.187373,3,14
413,-78.6984183,35.7302289,30.029,44.775,2022-01-13 14:05:17.187704,3,14
414,-78.698363,35.730229,30.04,44.771,2022-01-13 14:05:18.187943,3,14
415,-78.6983081,35.730229,30.034,44.849,2022-01-13 14:05:19.188459,3,14
416,-78.6982531,35.7302295,30.062,44.821,2022-01-13 14:05:20.188975,3,14
417,-78.6981981,35.7302299,30.054,44.87,2022-01-13 14:05:21.189345,3,14
418,-78.698143,35.7302307,30.06,44.818,2022-01-13 14:05:22.189755,3,14
419,-78.698088,35.7302311,30.025,44.803,2022-01-13 14:05:23.190136,3,14
420,-78.6980332,35.7302316,30.018,44.765,2022-01-13 14:05:24.190766,3,14
421,-78.6979779,35.730232,30.0,44.737,2022-01-13 14:05:25.191684,3,14
422,-78.6979229,35.7302322,30.016,44.82,2022-01-13 14:05:26.192395,3,14
423,-78.6978677,35.7302324,30.007,44.794,2022-01-13 14:05:27.193433,3,14
424,-78.6978125,35.7302327,30.009,44.772,2022-01-13 14:05:28.193975,3,14
425,-78.6977577,35.7302331,29.998,44.834,2022-01-13 14:05:29.195118,3,14
426,-78.6977023,35.7302336,29.997,44.726,2022-01-13 14:05:30.195575,3,14
427,-78.6976467,35.7302338,30.035,44.814,2022-01-13 14:05:31.196364,3,14
428,-78.6975915,35.7302342,30.068,44.772,2022-01-13 14:05:32.197454,3,14
429,-78.6975363,35.7302347,30.079,44.798,2022-01-13 14:05:33.199520,3,14
430,-78.6974809,35.7302351,30.066,44.824,2022-01-13 14:05:34.200215,3,14
431,-78.6974253,35.7302352,30.067,44.915,2022-01-13 14:05:35.200471,3,14
432,-78.6973696,35.7302359,30.035,44.806,2022-01-13 14:05:36.200922,3,14
433,-78.6973149,35.7302365,30.043,44.82,2022-01-13 14:05:37.201249,3,14
434,-78.6972601,35.7302369,30.022,44.728,2022-01-13 14:05:38.201496,3,14
435,-78.6972051,35.7302372,30.019,44.846,2022-01-13 14:05:39.202155,3,14
436,-78.6971503,35.7302379,30.025,44.846,2022-01-13 14:05:40.202790,3,14
437,-78.6970955,35.7302384,30.015,44.723,2022-01-13 14:05:41.203278,3,14
438,-78.6970402,35.7302394,30.006,44.738,2022-01-13 14:05:42.203368,3,14
439,-78.6969901,35.7302401,29.997,44.66,2022-01-13 14:05:43.203903,3,14
440,-78.6969498,35.7302402,30.032,44.774,2022-01-13 14:05:44.204344,3,14
441,-78.6969227,35.7302407,30.027,44.696,2022-01-13 14:05:45.205104,3,14
442,-78.6969084,35.7302407,30.022,44.628,2022-01-13 14:05:46.206501,3,14
443,-78.6969043,35.7302402,30.039,44.624,2022-01-13 14:05:47.207622,3,14
444,-78.6969036,35.73024,30.034,44.61,2022-01-13 14:05:48.208748,3,14
445,-78.6969033,35.7302401,30.047,44.581,2022-01-13 14:05:49.209667,3,14
446,-78.6969036,35.73024,29.999,44.599,2022-01-13 14:05:50.210625,3,14
447,-78.6969051,35.7302386,30.058,44.533,2022-01-13 14:05:51.210803,3,14
448,-78.6969012,35.7302315,30.054,44.539,2022-01-13 14:05:52.210879,3,14
449,-78.6968963,35.7302162,30.041,44.622,2022-01-13 14:05:53.211970,3,14
450,-78.6968899,35.7301932,29.995,44.611,2022-01-13 14:05:54.213086,3,14
451,-78.6968814,35.7301634,29.998,44.699,2022-01-13 14:05:55.213639,3,14
452,-78.6968719,35.7301301,29.976,44.717,2022-01-13 14:05:56.214009,3,14
453,-78.6968618,35.7300947,29.992,44.687,2022-01-13 14:05:57.214440,3,14
454,-78.6968508,35.7300575,30.007,44.671,2022-01-13 14:05:58.214781,3,14
455,-78.696839,35.730019,30.023,44.647,2022-01-13 14:05:59.215405,3,14
456,-78.6968274,35.7299794,29.991,44.666,2022-01-13 14:06:00.215736,3,14
457,-78.696816,35.7299392,29.944,44.702,2022-01-13 14:06:01.216219,3,14
458,-78.6968042,35.7298984,29.932,44.677,2022-01-13 14:06:02.216609,3,14
459,-78.6967925,35.7298572,29.939,44.679,2022-01-13 14:06:03.217059,3,14
460,-78.6967808,35.7298155,29.911,44.687,2022-01-13 14:06:04.217884,3,14
461,-78.6967684,35.729773,29.925,44.734,2022-01-13 14:06:05.218169,3,14
462,-78.6967558,35.7297306,29.938,44.74,2022-01-13 14:06:06.218471,3,14
463,-78.6967437,35.7296873,29.978,44.92,2022-01-13 14:06:07.218708,3,14
464,-78.6967314,35.7296443,29.96,44.795,2022-01-13 14:06:08.219548,3,14
465,-78.6967191,35.7296016,29.914,44.693,2022-01-13 14:06:09.219667,3,14
466,-78.696707,35.7295584,29.922,44.818,2022-01-13 14:06:10.220055,3,14
467,-78.6966949,35.7295155,29.951,44.802,2022-01-13 14:06:11.220390,3,14
468,-78.6966827,35.7294723,29.898,44.68,2022-01-13 14:06:12.220757,3,14
469,-78.6966696,35.7294291,29.912,44.676,2022-01-13 14:06:13.221648,3,14
470,-78.6966568,35.7293859,29.935,44.69,2022-01-13 14:06:14.223618,3,14
471,-78.6966448,35.7293427,29.928,44.643,2022-01-13 14:06:15.225579,3,14
472,-78.6966325,35.7292994,29.954,44.657,2022-01-13 14:06:16.226930,3,14
473,-78.6966199,35.7292558,29.982,44.633,2022-01-13 14:06:17.228025,3,14
474,-78.6966079,35.7292121,29.981,44.634,2022-01-13 14:06:18.228868,3,14
475,-78.6965955,35.7291688,29.938,44.567,2022-01-13 14:06:19.229648,3,14
476,-78.6965833,35.7291254,29.938,44.578,2022-01-13 14:06:20.230370,3,14
477,-78.6965706,35.7290819,29.966,44.619,2022-01-13 14:06:21.231328,3,14
478,-78.6965584,35.729038,29.937,44.613,2022-01-13 14:06:22.231588,3,14
479,-78.696546,35.7289943,29.901,44.668,2022-01-13 14:06:23.232573,3,14
480,-78.6965336,35.7289507,29.903,44.667,2022-01-13 14:06:24.232896,3,14
481,-78.6965213,35.7289074,29.913,44.641,2022-01-13 14:06:25.233387,3,14
482,-78.6965089,35.7288637,29.925,44.662,2022-01-13 14:06:26.235371,3,14
483,-78.6964961,35.7288202,29.984,44.702,2022-01-13 14:06:27.236287,3,14
484,-78.696483,35.7287767,29.977,44.656,2022-01-13 14:06:28.238174,3,14
485,-78.6964706,35.7287333,29.987,44.673,2022-01-13 14:06:29.239723,3,14
486,-78.6964586,35.72869,30.011,44.673,2022-01-13 14:06:30.241459,3,14
487,-78.6964456,35.7286465,30.009,44.664,2022-01-13 14:06:31.242039,3,14
488,-78.6964325,35.728603,29.995,44.668,2022-01-13 14:06:32.242909,3,14
489,-78.6964199,35.7285595,29.968,44.69,2022-01-13 14:06:33.244023,3,14
490,-78.6964075,35.7285162,29.922,44.621,2022-01-13 14:06:34.244151,3,14
491,-78.6963955,35.7284728,29.947,44.693,2022-01-13 14:06:35.244925,3,14
492,-78.6963831,35.7284293,29.941,44.645,2022-01-13 14:06:36.246661,3,14
493,-78.6963706,35.7283857,29.961,44.662,2022-01-13 14:06:37.247817,3,14
494,-78.6963588,35.7283419,29.958,44.645,2022-01-13 14:06:38.248737,3,14
495,-78.6963464,35.7282985,29.954,44.599,2022-01-13 14:06:39.249699,3,14
496,-78.6963333,35.7282549,29.969,44.582,2022-01-13 14:06:40.250297,3,14
497,-78.6963207,35.7282112,29.965,44.637,2022-01-13 14:06:41.251341,3,14
498,-78.6963085,35.7281681,29.968,44.624,2022-01-13 14:06:42.251606,3,14
499,-78.696296,35.7281242,29.989,44.685,2022-01-13 14:06:43.251790,3,14
500,-78.6962835,35.7280803,29.981,44.55,2022-01-13 14:06:44.251972,3,14
501,-78.696271,35.7280366,29.958,44.601,2022-01-13 14:06:45.252253,3,14
502,-78.6962587,35.7279931,29.983,44.618,2022-01-13 14:06:46.253257,3,14
503,-78.6962461,35.7279498,29.967,44.574,2022-01-13 14:06:47.254046,3,14
504,-78.6962335,35.7279062,29.975,44.612,2022-01-13 14:06:48.254265,3,14
505,-78.6962209,35.7278624,29.964,44.576,2022-01-13 14:06:49.255252,3,14
506,-78.6962081,35.7278188,29.935,44.613,2022-01-13 14:06:50.255424,3,14
507,-78.6961953,35.727775,29.944,44.682,2022-01-13 14:06:51.255939,3,14
508,-78.6961835,35.7277313,29.92,44.582,2022-01-13 14:06:52.256367,3,14
509,-78.6961713,35.7276901,29.963,44.745,2022-01-13 14:06:53.257290,3,14
510,-78.696161,35.7276554,29.948,44.642,2022-01-13 14:06:54.258264,3,14
511,-78.6961534,35.7276301,29.928,44.585,2022-01-13 14:06:55.258443,3,14
512,-78.6961482,35.7276146,29.905,44.46,2022-01-13 14:06:56.259252,3,14
513,-78.6961465,35.7276091,29.925,44.424,2022-01-13 14:06:57.260423,3,14
514,-78.6961467,35.7276079,29.977,44.38,2022-01-13 14:06:58.261599,3,14
515,-78.6961475,35.7276076,29.989,44.339,2022-01-13 14:06:59.262555,3,14
516,-78.6961479,35.7276072,29.956,44.366,2022-01-13 14:07:00.263150,3,14
517,-78.69615,35.7276068,30.071,44.011,2022-01-13 14:07:01.263798,3,14
518,-78.6961545,35.7276024,30.901,44.007,2022-01-13 14:07:02.264375,3,14
519,-78.6961654,35.7275919,32.478,44.069,2022-01-13 14:07:03.266179,3,14
520,-78.6961812,35.7275777,34.463,44.079,2022-01-13 14:07:04.266743,3,14
521,-78.696199,35.7275613,36.655,44.075,2022-01-13 14:07:05.267877,3,14
522,-78.6962167,35.7275443,38.965,44.07,2022-01-13 14:07:06.268031,3,14
523,-78.6962359,35.7275273,41.335,44.078,2022-01-13 14:07:07.268925,3,14
524,-78.6962551,35.7275101,43.784,44.113,2022-01-13 14:07:08.269415,3,14
525,-78.6962737,35.7274922,46.298,44.167,2022-01-13 14:07:09.270149,3,13
526,-78.6962927,35.7274748,48.763,44.179,2022-01-13 14:07:10.270989,3,14
527,-78.6963121,35.7274567,51.249,44.171,2022-01-13 14:07:11.271204,3,14
528,-78.696332,35.7274389,53.728,44.152,2022-01-13 14:07:12.271345,3,14
529,-78.6963516,35.7274216,56.182,44.178,2022-01-13 14:07:13.272061,3,14
530,-78.6963713,35.7274042,58.684,44.175,2022-01-13 14:07:14.272625,3,14
531,-78.6963912,35.7273865,61.143,44.175,2022-01-13 14:07:15.272878,3,14
532,-78.6964102,35.727369,63.618,44.092,2022-01-13 14:07:16.273062,3,14
533,-78.6964292,35.7273512,66.155,44.084,2022-01-13 14:07:17.273435,3,14
534,-78.6964495,35.7273335,68.633,44.075,2022-01-13 14:07:18.274448,3,14
535,-78.6964692,35.7273154,71.094,44.101,2022-01-13 14:07:19.275682,3,14
536,-78.6964891,35.7272976,73.558,44.165,2022-01-13 14:07:20.276002,3,14
537,-78.6965093,35.7272798,75.959,44.19,2022-01-13 14:07:21.277167,3,14
538,-78.6965281,35.7272629,78.152,44.498,2022-01-13 14:07:22.278052,3,14
539,-78.6965404,35.727252,79.301,44.415,2022-01-13 14:07:23.279165,3,14
540,-78.6965435,35.7272492,79.697,44.262,2022-01-13 14:07:24.280040,3,14
541,-78.6965434,35.7272487,79.875,44.253,2022-01-13 14:07:25.281215,3,14
542,-78.6965429,35.7272486,79.946,44.3,2022-01-13 14:07:26.282295,3,14
543,-78.6965425,35.7272496,79.941,44.296,2022-01-13 14:07:27.282520,3,14
544,-78.6965427,35.7272502,79.957,44.148,2022-01-13 14:07:28.283608,3,14
545,-78.6965395,35.7272453,79.955,44.248,2022-01-13 14:07:29.284036,3,14
546,-78.696527,35.7272346,79.959,44.27,2022-01-13 14:07:30.284501,3,14
547,-78.6965063,35.727219,79.94,44.263,2022-01-13 14:07:31.285580,3,14
548,-78.6964795,35.7271986,80.007,44.345,2022-01-13 14:07:32.286453,3,14
549,-78.6964494,35.7271758,80.022,44.44,2022-01-13 14:07:33.287064,3,14
550,-78.6964163,35.7271519,80.002,44.553,2022-01-13 14:07:34.288437,3,14
551,-78.6963809,35.7271265,80.029,44.473,2022-01-13 14:07:35.288797,3,14
552,-78.6963447,35.7271004,80.016,44.518,2022-01-13 14:07:36.289351,3,14
553,-78.6963079,35.727073,80.031,44.44,2022-01-13 14:07:37.290138,3,14
554,-78.6962699,35.7270452,80.067,44.46,2022-01-13 14:07:38.290717,3,14
555,-78.6962316,35.7270172,80.046,44.385,2022-01-13 14:07:39.292725,3,14
556,-78.6961929,35.7269885,80.032,44.381,2022-01-13 14:07:40.293536,3,14
557,-78.6961536,35.7269597,80.043,44.375,2022-01-13 14:07:41.294583,3,14
558,-78.6961136,35.7269306,80.056,44.391,2022-01-13 14:07:42.295223,3,14
559,-78.6960738,35.7269014,80.045,44.371,2022-01-13 14:07:43.295403,3,14
560,-78.6960373,35.7268741,80.024,44.504,2022-01-13 14:07:44.295724,3,14
561,-78.6960067,35.7268511,80.037,44.431,2022-01-13 14:07:45.296435,3,14
562,-78.6959849,35.726835,80.04,44.308,2022-01-13 14:07:46.296678,3,14
563,-78.6959734,35.7268265,79.973,44.286,2022-01-13 14:07:47.299624,3,14
564,-78.6959687,35.7268237,79.994,44.28,2022-01-13 14:07:48.300783,3,14
565,-78.6959675,35.7268232,79.993,44.227,2022-01-13 14:07:49.301939,3,14
566,-78.6959677,35.7268226,80.021,44.188,2022-01-13 14:07:50.302989,3,14
567,-78.6959679,35.7268228,80.018,44.187,2022-01-13 14:07:51.303433,3,14
568,-78.6959649,35.7268247,80.028,44.19,2022-01-13 14:07:52.304159,3,14
569,-78.6959534,35.726827,80.04,44.236,2022-01-13 14:07:53.304468,3,14
570,-78.6959336,35.7268312,80.048,44.253,2022-01-13 14:07:54.305537,3,14
571,-78.6959035,35.7268376,80.104,44.249,2022-01-13 14:07:55.306011,3,14
572,-78.6958664,35.7268463,80.126,44.37,2022-01-13 14:07:56.307142,3,14
573,-78.6958248,35.7268564,80.086,44.331,2022-01-13 14:07:57.308168,3,14
574,-78.6957805,35.7268672,80.07,44.239,2022-01-13 14:07:58.308460,3,14
575,-78.6957337,35.7268787,80.066,44.337,2022-01-13 14:07:59.309652,3,14
576,-78.6956858,35.7268899,80.052,44.3,2022-01-13 14:08:00.310224,3,14
577,-78.6956371,35.7269014,80.048,44.282,2022-01-13 14:08:01.310552,3,14
578,-78.695587,35.726913,80.039,44.248,2022-01-13 14:08:02.310817,3,14
579,-78.6955361,35.7269252,80.049,44.248,2022-01-13 14:08:03.311414,3,14
580,-78.6954849,35.7269378,80.058,44.214,2022-01-13 14:08:04.311596,3,14
581,-78.695434,35.7269502,80.037,44.234,2022-01-13 14:08:05.311884,3,14
582,-78.6953832,35.7269625,80.009,44.188,2022-01-13 14:08:06.312150,3,14
583,-78.6953319,35.7269747,80.014,44.237,2022-01-13 14:08:07.312422,3,14
584,-78.6952802,35.7269871,80.027,44.244,2022-01-13 14:08:08.313512,3,14
585,-78.6952285,35.7269994,80.038,44.363,2022-01-13 14:08:09.314496,3,14
586,-78.6951817,35.7270106,79.998,44.319,2022-01-13 14:08:10.314703,3,14
587,-78.6951444,35.7270197,79.982,44.297,2022-01-13 14:08:11.315139,3,14
588,-78.6951179,35.7270265,79.994,44.263,2022-01-13 14:08:12.315600,3,14
589,-78.6951037,35.7270303,79.972,44.2,2022-01-13 14:08:13.316741,3,14
590,-78.6950995,35.7270315,80.014,44.185,2022-01-13 14:08:14.317949,3,14
591,-78.6950995,35.7270307,80.011,44.182,2022-01-13 14:08:15.318791,3,14
592,-78.6950998,35.7270302,79.984,44.012,2022-01-13 14:08:16.320588,3,14
593,-78.6951012,35.7270298,80.03,44.217,2022-01-13 14:08:17.321085,3,14
594,-78.6950992,35.7270288,80.022,44.089,2022-01-13 14:08:18.321714,3,14
595,-78.6950944,35.7270193,80.057,44.141,2022-01-13 14:08:19.321903,3,14
596,-78.695089,35.7270016,80.017,44.122,2022-01-13 14:08:20.322193,3,14
597,-78.6950813,35.7269761,80.042,44.191,2022-01-13 14:08:21.322545,3,14
598,-78.695072,35.726945,80.077,44.257,2022-01-13 14:08:22.323046,3,14
599,-78.6950619,35.7269111,80.058,44.263,2022-01-13 14:08:23.324044,3,14
600,-78.6950509,35.7268753,80.047,44.24,2022-01-13 14:08:24.324253,3,14
601,-78.695039,35.7268377,80.008,44.277,2022-01-13 14:08:25.325372,3,14
602,-78.6950266,35.7267992,79.974,44.343,2022-01-13 14:08:26.325887,3,14
603,-78.6950137,35.7267599,79.976,44.306,2022-01-13 14:08:27.326836,3,14
604,-78.6950017,35.7267194,79.955,44.292,2022-01-13 14:08:28.327176,3,14
605,-78.6949894,35.7266786,79.941,44.288,2022-01-13 14:08:29.328167,3,14
606,-78.6949771,35.7266376,79.93,44.225,2022-01-13 14:08:30.328922,3,14
607,-78.6949649,35.7265955,79.94,44.322,2022-01-13 14:08:31.329077,3,14
608,-78.6949517,35.7265529,79.934,44.253,2022-01-13 14:08:32.330136,3,14
609,-78.6949389,35.72651,79.94,44.323,2022-01-13 14:08:33.330641,3,14
610,-78.6949266,35.7264669,79.947,44.342,2022-01-13 14:08:34.331311,3,14
611,-78.6949135,35.7264242,79.966,44.349,2022-01-13 14:08:35.332544,3,14
612,-78.6949003,35.7263812,79.955,44.322,2022-01-13 14:08:36.332860,3,14
613,-78.6948875,35.726338,79.939,44.26,2022-01-13 14:08:37.334015,3,14
614,-78.6948741,35.726295,79.971,44.268,2022-01-13 14:08:38.334391,3,14
615,-78.694861,35.7262517,79.974,44.28,2022-01-13 14:08:39.334638,3,14
616,-78.6948472,35.7262085,79.971,44.237,2022-01-13 14:08:40.335014,3,14
617,-78.6948339,35.7261655,79.952,44.253,2022-01-13 14:08:41.337056,3,14
618,-78.6948212,35.7261221,79.94,44.236,2022-01-13 14:08:42.338089,3,14
619,-78.6948078,35.7260785,79.944,44.265,2022-01-13 14:08:43.338262,3,14
620,-78.6947945,35.726035,79.956,44.247,2022-01-13 14:08:44.339669,3,14
621,-78.6947817,35.7259912,79.96,44.241,2022-01-13 14:08:45.340805,3,14
622,-78.6947686,35.7259476,79.977,44.268,2022-01-13 14:08:46.341193,3,14
623,-78.6947556,35.7259043,79.977,44.193,2022-01-13 14:08:47.342137,3,14
624,-78.6947423,35.7258611,79.964,44.21,2022-01-13 14:08:48.342395,3,14
625,-78.6947284,35.7258177,79.957,44.213,2022-01-13 14:08:49.342774,3,14
626,-78.6947148,35.7257741,79.959,44.168,2022-01-13 14:08:50.342884,3,14
627,-78.6947018,35.7257307,79.96,44.164,2022-01-13 14:08:51.343152,3,14
628,-78.6946885,35.7256867,79.97,44.29,2022-01-13 14:08:52.343657,3,14
629,-78.6946754,35.7256427,79.966,44.28,2022-01-13 14:08:53.343830,3,14
630,-78.6946615,35.7255993,79.984,44.214,2022-01-13 14:08:54.344024,3,14
631,-78.6946481,35.7255559,79.963,44.234,2022-01-13 14:08:55.344322,3,14
632,-78.6946345,35.7255128,79.939,44.187,2022-01-13 14:08:56.344931,3,14
633,-78.6946219,35.7254696,79.934,44.205,2022-01-13 14:08:57.346026,3,14
634,-78.6946094,35.7254269,79.963,44.181,2022-01-13 14:08:58.347249,3,14
635,-78.6945977,35.7253894,79.938,44.249,2022-01-13 14:08:59.347611,3,14
636,-78.6945884,35.7253612,79.909,44.264,2022-01-13 14:09:00.348040,3,14
637,-78.6945821,35.725343,79.901,44.205,2022-01-13 14:09:01.348618,3,14
638,-78.6945796,35.7253347,79.856,44.119,2022-01-13 14:09:02.349766,3,14
639,-78.6945783,35.7253329,79.852,44.058,2022-01-13 14:09:03.350928,3,14
640,-78.6945785,35.7253322,79.872,44.043,2022-01-13 14:09:04.351520,3,13
641,-78.6945796,35.7253322,79.872,43.909,2022-01-13 14:09:05.353135,3,14
642,-78.6945815,35.7253314,79.925,44.044,2022-01-13 14:09:06.353754,3,14
643,-78.694583,35.7253333,79.98,43.929,2022-01-13 14:09:07.354069,3,14
644,-78.6945903,35.7253337,79.999,44.007,2022-01-13 14:09:08.354781,3,14
645,-78.6946069,35.7253339,80.003,44.02,2022-01-13 14:09:09.355493,3,14
646,-78.6946333,35.7253347,80.013,44.003,2022-01-13 14:09:10.355733,3,14
647,-78.6946696,35.7253351,80.018,43.984,2022-01-13 14:09:11.356421,3,14
648,-78.6947116,35.7253357,80.009,43.989,2022-01-13 14:09:12.357184,3,14
649,-78.6947562,35.7253368,80.017,44.001,2022-01-13 14:09:13.358007,3,14
650,-78.6948028,35.7253381,80.008,43.955,2022-01-13 14:09:14.358800,3,14
651,-78.6948525,35.7253386,80.008,43.942,2022-01-13 14:09:15.359621,3,14
652,-78.694903,35.7253398,80.025,43.942,2022-01-13 14:09:16.360044,3,14
653,-78.694954,35.7253412,80.045,43.974,2022-01-13 14:09:17.360487,3,14
654,-78.6950056,35.7253429,80.021,44.0,2022-01-13 14:09:18.361442,3,14
655,-78.6950579,35.7253444,80.027,43.987,2022-01-13 14:09:19.361686,3,14
656,-78.6951113,35.7253453,80.015,44.001,2022-01-13 14:09:20.362416,3,14
657,-78.6951646,35.7253467,80.0,43.998,2022-01-13 14:09:21.363445,3,14
658,-78.6952184,35.7253485,80.016,43.98,2022-01-13 14:09:22.363961,3,14
659,-78.6952722,35.7253499,79.987,43.96,2022-01-13 14:09:23.364446,3,14
660,-78.6953269,35.7253515,80.025,43.98,2022-01-13 14:09:24.365396,3,14
661,-78.6953811,35.7253532,80.029,43.988,2022-01-13 14:09:25.366474,3,14
662,-78.6954349,35.7253545,80.024,43.983,2022-01-13 14:09:26.366967,3,14
663,-78.6954895,35.725356,80.013,43.955,2022-01-13 14:09:27.367560,3,14
664,-78.6955441,35.7253573,79.998,43.998,2022-01-13 14:09:28.368038,3,14
665,-78.6955995,35.7253591,80.015,44.006,2022-01-13 14:09:29.368805,3,14
666,-78.695655,35.7253609,80.026,43.954,2022-01-13 14:09:30.369481,3,14
667,-78.6957106,35.7253626,79.996,43.966,2022-01-13 14:09:31.369702,3,14
668,-78.6957656,35.7253639,80.022,43.954,2022-01-13 14:09:32.370136,3,14
669,-78.6958203,35.7253651,80.012,43.972,2022-01-13 14:09:33.371023,3,14
670,-78.6958749,35.7253665,80.005,43.968,2022-01-13 14:09:34.372243,3,14
671,-78.6959292,35.7253677,80.001,43.991,2022-01-13 14:09:35.372626,3,14
672,-78.6959843,35.7253694,80.001,44.014,2022-01-13 14:09:36.372794,3,14
673,-78.6960393,35.7253711,79.981,44.032,2022-01-13 14:09:37.373910,3,14
674,-78.6960946,35.7253727,80.0,43.984,2022-01-13 14:09:38.374448,3,14
675,-78.6961504,35.7253744,79.983,43.994,2022-01-13 14:09:39.375453,3,14
676,-78.6962057,35.7253758,79.988,43.968,2022-01-13 14:09:40.375587,3,14
677,-78.6962615,35.7253774,79.974,43.955,2022-01-13 14:09:41.376016,3,14
678,-78.6963166,35.725379,79.977,43.974,2022-01-13 14:09:42.376209,3,14
679,-78.696372,35.7253801,79.975,43.994,2022-01-13 14:09:43.376568,3,14
680,-78.6964274,35.7253812,80.002,43.988,2022-01-13 14:09:44.377290,3,14
681,-78.6964833,35.7253825,80.025,43.98,2022-01-13 14:09:45.377834,3,14
682,-78.6965383,35.7253841,80.026,43.995,2022-01-13 14:09:46.378453,3,14
683,-78.6965928,35.725385,80.007,43.984,2022-01-13 14:09:47.378798,3,14
684,-78.6966478,35.7253864,80.003,43.955,2022-01-13 14:09:48.379612,3,14
685,-78.6967026,35.7253884,79.977,43.983,2022-01-13 14:09:49.379914,3,14
686,-78.6967571,35.7253907,79.931,44.044,2022-01-13 14:09:50.381379,3,14
687,-78.6968127,35.7253919,79.959,44.058,2022-01-13 14:09:51.382269,3,14
688,-78.6968682,35.7253933,79.937,43.966,2022-01-13 14:09:52.382769,3,14
689,-78.6969237,35.7253947,79.944,43.991,2022-01-13 14:09:53.383309,3,14
690,-78.6969788,35.7253962,79.95,44.029,2022-01-13 14:09:54.384502,3,14
691,-78.6970339,35.7253977,79.968,43.998,2022-01-13 14:09:55.385498,3,14
692,-78.6970892,35.7253993,80.014,44.041,2022-01-13 14:09:56.386368,3,14
693,-78.6971437,35.7254009,79.975,44.086,2022-01-13 14:09:57.386565,3,14
694,-78.6971981,35.7254031,79.962,44.099,2022-01-13 14:09:58.387483,3,14
695,-78.6972531,35.7254056,79.977,44.098,2022-01-13 14:09:59.387662,3,14
696,-78.6973088,35.7254071,80.008,44.001,2022-01-13 14:10:00.388689,3,14
697,-78.6973641,35.7254081,80.057,44.106,2022-01-13 14:10:01.389721,3,14
698,-78.6974187,35.7254092,80.004,44.073,2022-01-13 14:10:02.390631,3,14
699,-78.6974736,35.72541,79.995,43.932,2022-01-13 14:10:03.391469,3,14
700,-78.6975291,35.7254116,80.011,43.98,2022-01-13 14:10:04.391735,3,14
701,-78.697584,35.7254136,79.979,44.066,2022-01-13 14:10:05.392500,3,14
702,-78.6976394,35.7254155,79.974,43.963,2022-01-13 14:10:06.392975,3,14
703,-78.6976945,35.7254175,79.978,43.938,2022-01-13 14:10:07.394032,3,14
704,-78.69775,35.7254194,79.988,43.932,2022-01-13 14:10:08.394417,3,14
705,-78.6978058,35.725421,79.971,43.831,2022-01-13 14:10:09.394790,3,14
706,-78.6978611,35.7254226,79.987,43.991,2022-01-13 14:10:10.396421,3,14
707,-78.6979159,35.7254243,79.969,43.908,2022-01-13 14:10:11.396822,3,14
708,-78.6979705,35.7254252,79.973,43.937,2022-01-13 14:10:12.397286,3,14
709,-78.6980254,35.7254267,79.988,43.929,2022-01-13 14:10:13.398268,3,14
710,-78.6980764,35.7254276,80.001,43.988,2022-01-13 14:10:14.398740,3,14
711,-78.6981188,35.7254282,79.983,43.877,2022-01-13 14:10:15.399200,3,14
712,-78.6981496,35.7254294,79.972,43.845,2022-01-13 14:10:16.400285,3,14
713,-78.698168,35.7254301,79.954,43.805,2022-01-13 14:10:17.401439,3,14
714,-78.698174,35.7254299,79.958,43.804,2022-01-13 14:10:18.402599,3,14
715,-78.6981744,35.72543,79.968,43.831,2022-01-13 14:10:19.403669,3,14
716,-78.698175,35.7254305,79.982,43.842,2022-01-13 14:10:20.404092,3,14
717,-78.6981837,35.7254314,79.983,43.807,2022-01-13 14:10:21.404491,3,14
718,-78.6982014,35.7254324,79.988,43.797,2022-01-13 14:10:22.404761,3,14
719,-78.6982292,35.7254337,79.991,43.781,2022-01-13 14:10:23.405346,3,14
720,-78.6982654,35.7254355,79.984,43.784,2022-01-13 14:10:24.405701,3,14
721,-78.6983077,35.7254376,80.038,43.843,2022-01-13 14:10:25.405917,3,14
722,-78.6983537,35.7254394,80.036,43.834,2022-01-13 14:10:26.407073,3,14
723,-78.6984017,35.7254413,80.04,43.79,2022-01-13 14:10:27.408119,3,14
724,-78.6984519,35.7254431,80.032,43.834,2022-01-13 14:10:28.408344,3,14
725,-78.6985027,35.7254443,80.033,43.827,2022-01-13 14:10:29.409080,3,14
726,-78.6985544,35.7254457,80.012,43.84,2022-01-13 14:10:30.409898,3,14
727,-78.6986062,35.7254477,79.982,43.723,2022-01-13 14:10:31.410859,3,14
728,-78.698659,35.7254496,79.994,43.739,2022-01-13 14:10:32.412019,3,14
729,-78.6987115,35.7254523,79.961,43.778,2022-01-13 14:10:33.412284,3,14
730,-78.6987648,35.7254554,79.965,43.869,2022-01-13 14:10:34.412858,3,14
731,-78.6988185,35.7254586,79.909,43.871,2022-01-13 14:10:35.413465,3,14
732,-78.6988721,35.7254613,79.871,43.874,2022-01-13 14:10:36.414691,3,14
733,-78.6989269,35.7254639,79.882,43.903,2022-01-13 14:10:37.414969,3,14
734,-78.6989817,35.7254666,79.936,43.912,2022-01-13 14:10:38.415384,3,14
735,-78.6990367,35.7254692,79.958,43.882,2022-01-13 14:10:39.416932,3,14
736,-78.699091,35.7254727,79.95,43.863,2022-01-13 14:10:40.417673,3,14
737,-78.6991466,35.7254742,80.01,43.908,2022-01-13 14:10:41.418465,3,14
738,-78.6992016,35.7254753,80.008,43.791,2022-01-13 14:10:42.418718,3,14
739,-78.6992564,35.7254772,80.049,43.9,2022-01-13 14:10:43.419191,3,14
740,-78.6993112,35.7254798,80.006,43.862,2022-01-13 14:10:44.419623,3,14
741,-78.6993661,35.7254825,79.984,43.863,2022-01-13 14:10:45.420677,3,14
742,-78.699421,35.7254854,79.954,43.83,2022-01-13 14:10:46.420936,3,14
743,-78.6994762,35.7254884,79.953,43.851,2022-01-13 14:10:47.422067,3,14
744,-78.6995315,35.7254912,79.941,43.822,2022-01-13 14:10:48.422876,3,14
745,-78.6995865,35.7254934,79.957,43.816,2022-01-13 14:10:49.423622,3,14
746,-78.6996421,35.7254958,79.961,43.801,2022-01-13 14:10:50.424751,3,14
747,-78.699697,35.725498,79.986,43.828,2022-01-13 14:10:51.425220,3,14
748,-78.6997521,35.7255006,79.972,43.796,2022-01-13 14:10:52.425686,3,14
749,-78.6998071,35.7255031,79.976,43.791,2022-01-13 14:10:53.426111,3,14
750,-78.699862,35.7255052,79.999,43.782,2022-01-13 14:10:54.426632,3,14
751,-78.699917,35.7255077,79.989,43.813,2022-01-13 14:10:55.427135,3,14
752,-78.6999721,35.7255103,79.986,43.788,2022-01-13 14:10:56.428143,3,14
753,-78.7000272,35.7255127,79.988,43.834,2022-01-13 14:10:57.428488,3,14
754,-78.7000818,35.7255146,80.016,43.822,2022-01-13 14:10:58.430043,3,14
755,-78.7001361,35.725517,79.997,43.79,2022-01-13 14:10:59.430288,3,14
756,-78.7001902,35.7255194,80.01,43.851,2022-01-13 14:11:00.431135,3,14
757,-78.7002445,35.7255215,80.007,43.796,2022-01-13 14:11:01.431681,3,14
758,-78.7002986,35.725524,80.023,43.825,2022-01-13 14:11:02.432214,3,14
759,-78.700353,35.7255269,80.0,43.801,2022-01-13 14:11:03.433071,3,14
760,-78.7004072,35.7255293,79.979,43.797,2022-01-13 14:11:04.433572,3,14
761,-78.7004568,35.7255313,79.94,43.808,2022-01-13 14:11:05.434603,3,14
762,-78.7004967,35.725534,79.944,43.759,2022-01-13 14:11:06.435065,3,14
763,-78.7005244,35.7255355,79.989,43.762,2022-01-13 14:11:07.436186,3,14
764,-78.7005389,35.7255357,80.011,43.761,2022-01-13 14:11:08.438360,3,14
765,-78.7005418,35.7255351,79.986,43.696,2022-01-13 14:11:09.439519,3,14
766,-78.7005415,35.725535,80.034,43.741,2022-01-13 14:11:10.439999,3,14
767,-78.7005417,35.7255358,80.008,43.583,2022-01-13 14:11:11.440769,3,14
768,-78.7005429,35.7255353,79.993,43.598,2022-01-13 14:11:12.441117,3,14
769,-78.700545,35.7255371,79.954,43.618,2022-01-13 14:11:13.442161,3,14
770,-78.7005429,35.7255429,79.981,43.664,2022-01-13 14:11:14.442422,3,14
771,-78.7005389,35.7255541,79.985,43.594,2022-01-13 14:11:15.443004,3,14
772,-78.7005345,35.7255726,79.992,43.551,2022-01-13 14:11:16.444009,3,14
773,-78.7005293,35.7255994,79.986,43.534,2022-01-13 14:11:17.444559,3,14
774,-78.7005243,35.7256317,79.99,43.515,2022-01-13 14:11:18.445202,3,14
775,-78.7005186,35.7256677,79.977,43.52,2022-01-13 14:11:19.446277,3,14
776,-78.7005128,35.7257059,79.991,43.543,2022-01-13 14:11:20.447233,3,14
777,-78.7005068,35.7257455,80.01,43.548,2022-01-13 14:11:21.447409,3,14
778,-78.7004999,35.7257855,80.022,43.535,2022-01-13 14:11:22.448188,3,14
779,-78.7004931,35.7258264,80.058,43.588,2022-01-13 14:11:23.449301,3,14
780,-78.7004857,35.7258686,80.042,43.563,2022-01-13 14:11:24.450169,3,14
781,-78.7004788,35.7259109,80.018,43.548,2022-01-13 14:11:25.450973,3,14
782,-78.7004724,35.7259536,80.064,43.626,2022-01-13 14:11:26.451160,3,14
783,-78.7004651,35.7259964,80.056,43.612,2022-01-13 14:11:27.451878,3,14
784,-78.7004581,35.7260392,80.052,43.627,2022-01-13 14:11:28.452195,3,14
785,-78.7004505,35.7260819,80.058,43.617,2022-01-13 14:11:29.452395,3,14
786,-78.7004427,35.7261254,80.067,43.614,2022-01-13 14:11:30.453241,3,14
787,-78.7004346,35.7261691,80.046,43.614,2022-01-13 14:11:31.453670,3,14
788,-78.7004273,35.7262132,80.052,43.609,2022-01-13 14:11:32.454478,3,14
789,-78.700419,35.7262572,80.041,43.604,2022-01-13 14:11:33.455520,3,14
790,-78.7004114,35.7263013,80.047,43.587,2022-01-13 14:11:34.456005,3,14
791,-78.7004043,35.7263455,80.061,43.614,2022-01-13 14:11:35.456173,3,14
792,-78.700397,35.7263892,80.054,43.618,2022-01-13 14:11:36.457305,3,14
793,-78.7003886,35.7264334,80.054,43.635,2022-01-13 14:11:37.458408,3,14
794,-78.7003804,35.7264777,80.047,43.589,2022-01-13 14:11:38.458708,3,14
795,-78.7003728,35.726522,80.017,43.555,2022-01-13 14:11:39.458949,3,14
796,-78.7003655,35.7265662,80.04,43.592,2022-01-13 14:11:40.460885,3,14
797,-78.7003582,35.7266106,80.086,43.566,2022-01-13 14:11:41.461776,3,14
798,-78.700351,35.7266549,80.077,43.548,2022-01-13 14:11:42.462077,3,14
799,-78.7003426,35.7266992,80.061,43.577,2022-01-13 14:11:43.462391,3,14
800,-78.7003343,35.7267433,80.055,43.532,2022-01-13 14:11:44.462973,3,14
801,-78.7003265,35.7267877,80.05,43.557,2022-01-13 14:11:45.463191,3,14
802,-78.7003186,35.7268321,80.044,43.522,2022-01-13 14:11:46.464081,3,14
803,-78.7003113,35.7268767,80.014,43.543,2022-01-13 14:11:47.465056,3,14
804,-78.7003039,35.7269214,79.999,43.531,2022-01-13 14:11:48.466177,3,14
805,-78.700296,35.7269657,80.005,43.543,2022-01-13 14:11:49.467213,3,14
806,-78.700289,35.7270095,80.015,43.526,2022-01-13 14:11:50.468297,3,14
807,-78.7002817,35.7270539,80.053,43.552,2022-01-13 14:11:51.469205,3,14
808,-78.7002741,35.7270981,80.069,43.554,2022-01-13 14:11:52.470353,3,13
809,-78.7002663,35.7271426,80.08,43.548,2022-01-13 14:11:53.471397,3,14
810,-78.7002582,35.7271872,80.055,43.462,2022-01-13 14:11:54.472523,3,14
811,-78.7002505,35.7272313,80.036,43.5,2022-01-13 14:11:55.472611,3,14
812,-78.7002435,35.7272756,80.044,43.508,2022-01-13 14:11:56.473241,3,14
813,-78.7002358,35.7273195,80.058,43.537,2022-01-13 14:11:57.474194,3,14
814,-78.7002275,35.727364,80.078,43.537,2022-01-13 14:11:58.475215,3,14
815,-78.7002192,35.7274091,80.046,43.561,2022-01-13 14:11:59.476237,3,14
816,-78.7002115,35.7274543,80.062,43.525,2022-01-13 14:12:00.477336,3,14
817,-78.7002033,35.7274992,80.043,43.489,2022-01-13 14:12:01.477877,3,14
818,-78.7001959,35.7275435,80.047,43.495,2022-01-13 14:12:02.479432,3,14
819,-78.7001876,35.7275882,80.055,43.509,2022-01-13 14:12:03.479778,3,14
820,-78.70018,35.7276325,80.039,43.485,2022-01-13 14:12:04.480262,3,14
821,-78.7001726,35.7276765,80.014,43.518,2022-01-13 14:12:05.482251,3,14
822,-78.700165,35.7277208,80.053,43.522,2022-01-13 14:12:06.483335,3,14
823,-78.7001573,35.7277653,80.053,43.509,2022-01-13 14:12:07.483969,3,14
824,-78.7001491,35.7278099,80.04,43.56,2022-01-13 14:12:08.485106,3,14
825,-78.7001416,35.7278544,80.009,43.529,2022-01-13 14:12:09.485997,3,14
826,-78.7001334,35.7278991,79.992,43.538,2022-01-13 14:12:10.486374,3,14
827,-78.7001255,35.7279435,79.995,43.574,2022-01-13 14:12:11.487294,3,14
828,-78.700118,35.7279873,80.031,43.551,2022-01-13 14:12:12.487718,3,14
829,-78.7001107,35.7280312,80.021,43.494,2022-01-13 14:12:13.488207,3,14
830,-78.7001029,35.7280757,80.009,43.586,2022-01-13 14:12:14.488383,3,14
831,-78.7000957,35.7281202,80.006,43.577,2022-01-13 14:12:15.488860,3,14
832,-78.7000876,35.7281649,80.001,43.503,2022-01-13 14:12:16.489158,3,14
833,-78.7000795,35.7282091,80.03,43.476,2022-01-13 14:12:17.489532,3,14
834,-78.7000715,35.7282533,80.074,43.467,2022-01-13 14:12:18.489999,3,14
835,-78.7000632,35.728298,80.073,43.534,2022-01-13 14:12:19.490195,3,14
836,-78.7000549,35.7283424,80.047,43.476,2022-01-13 14:12:20.491258,3,14
837,-78.7000482,35.7283872,80.041,43.491,2022-01-13 14:12:21.491689,3,14
838,-78.700041,35.7284315,80.015,43.492,2022-01-13 14:12:22.492555,3,14
839,-78.7000337,35.7284758,79.989,43.488,2022-01-13 14:12:23.493635,3,14
840,-78.7000258,35.7285204,79.979,43.52,2022-01-13 14:12:24.493881,3,14
841,-78.7000182,35.7285651,79.982,43.44,2022-01-13 14:12:25.494718,3,14
842,-78.7000101,35.7286095,80.05,43.419,2022-01-13 14:12:26.495551,3,14
843,-78.7000022,35.7286538,80.064,43.5,2022-01-13 14:12:27.495850,3,14
844,-78.6999948,35.728698,80.022,43.436,2022-01-13 14:12:28.496314,3,14
845,-78.6999868,35.7287426,80.012,43.43,2022-01-13 14:12:29.497312,3,14
846,-78.6999801,35.728787,80.012,43.419,2022-01-13 14:12:30.498303,3,14
847,-78.6999731,35.7288316,80.03,43.426,2022-01-13 14:12:31.498577,3,14
848,-78.6999656,35.7288759,80.055,43.422,2022-01-13 14:12:32.499074,3,14
849,-78.6999593,35.7289206,80.07,43.426,2022-01-13 14:12:33.499619,3,14
850,-78.6999494,35.728965,80.025,43.373,2022-01-13 14:12:34.500441,3,14
851,-78.6999401,35.7290098,79.98,43.431,2022-01-13 14:12:35.500970,3,14
852,-78.6999321,35.7290546,79.968,43.414,2022-01-13 14:12:36.501604,3,14
853,-78.6999245,35.7290995,79.978,43.396,2022-01-13 14:12:37.502340,3,14
854,-78.6999176,35.7291437,80.012,43.399,2022-01-13 14:12:38.503091,3,14
855,-78.6999105,35.7291876,80.019,43.438,2022-01-13 14:12:39.504053,3,14
856,-78.6999024,35.7292318,80.015,43.393,2022-01-13 14:12:40.504450,3,14
857,-78.6998944,35.7292762,80.014,43.454,2022-01-13 14:12:41.505128,3,14
858,-78.6998867,35.7293206,80.01,43.39,2022-01-13 14:12:42.505727,3,14
859,-78.6998791,35.7293654,80.015,43.374,2022-01-13 14:12:43.506371,3,14
860,-78.6998715,35.72941,80.013,43.373,2022-01-13 14:12:44.507189,3,14
861,-78.6998643,35.729455,80.003,43.361,2022-01-13 14:12:45.507404,3,14
862,-78.6998568,35.7294996,80.01,43.367,2022-01-13 14:12:46.508495,3,14
863,-78.6998487,35.7295438,80.007,43.405,2022-01-13 14:12:47.509424,3,14
864,-78.699841,35.7295879,80.041,43.373,2022-01-13 14:12:48.510497,3,14
865,-78.6998333,35.729632,80.077,43.347,2022-01-13 14:12:49.511483,3,14
866,-78.6998257,35.729676,80.053,43.336,2022-01-13 14:12:50.511684,3,14
867,-78.6998181,35.7297205,80.025,43.347,2022-01-13 14:12:51.512656,3,14
868,-78.6998101,35.7297656,80.025,43.365,2022-01-13 14:12:52.512933,3,14
869,-78.699803,35.72981,80.048,43.362,2022-01-13 14:12:53.514083,3,14
870,-78.6997947,35.7298545,80.037,43.322,2022-01-13 14:12:54.515247,3,14
871,-78.699787,35.7298986,80.045,43.367,2022-01-13 14:12:55.516302,3,14
872,-78.6997794,35.7299426,80.023,43.333,2022-01-13 14:12:56.516447,3,14
873,-78.6997712,35.7299869,80.034,43.313,2022-01-13 14:12:57.516642,3,14
874,-78.6997635,35.7300311,80.024,43.341,2022-01-13 14:12:58.517693,3,14
875,-78.6997555,35.730075,80.03,43.329,2022-01-13 14:12:59.518288,3,14
876,-78.6997487,35.7301182,80.009,43.324,2022-01-13 14:13:00.518635,3,14
877,-78.6997418,35.730157,80.006,43.313,2022-01-13 14:13:01.518842,3,14
878,-78.6997371,35.7301876,80.009,43.284,2022-01-13 14:13:02.520440,3,14
879,-78.6997336,35.7302085,79.998,43.273,2022-01-13 14:13:03.522410,3,14
880,-78.6997322,35.7302178,79.96,43.266,2022-01-13 14:13:04.523564,3,14
881,-78.6997322,35.7302193,80.007,43.33,2022-01-13 14:13:05.523995,3,14
882,-78.6997321,35.7302191,80.059,43.324,2022-01-13 14:13:06.524886,3,14
883,-78.6997324,35.7302191,80.057,43.154,2022-01-13 14:13:07.525480,3,14
884,-78.699732,35.7302195,80.013,43.279,2022-01-13 14:13:08.525674,3,14
885,-78.6997288,35.7302193,80.032,43.281,2022-01-13 14:13:09.525989,3,14
886,-78.6997156,35.7302191,80.065,43.282,2022-01-13 14:13:10.526686,3,14
887,-78.6996923,35.7302193,80.085,43.272,2022-01-13 14:13:11.527713,3,14
888,-78.6996595,35.7302193,80.092,43.241,2022-01-13 14:13:12.528755,3,14
889,-78.69962,35.7302201,80.113,43.376,2022-01-13 14:13:13.529751,3,14
890,-78.6995753,35.7302205,80.067,43.367,2022-01-13 14:13:14.530069,3,14
891,-78.6995291,35.7302206,80.076,43.301,2022-01-13 14:13:15.530529,3,14
892,-78.6994812,35.7302206,80.038,43.324,2022-01-13 14:13:16.531630,3,14
893,-78.6994323,35.7302214,79.994,43.353,2022-01-13 14:13:17.532016,3,14
894,-78.6993818,35.7302229,79.998,43.476,2022-01-13 14:13:18.532256,3,14
895,-78.6993304,35.7302239,79.998,43.419,2022-01-13 14:13:19.533707,3,14
896,-78.6992786,35.7302245,79.995,43.436,2022-01-13 14:13:20.534461,3,14
897,-78.6992262,35.7302245,79.983,43.472,2022-01-13 14:13:21.535444,3,14
898,-78.6991725,35.7302248,79.999,43.351,2022-01-13 14:13:22.535821,3,14
899,-78.6991194,35.7302242,80.077,43.321,2022-01-13 14:13:23.536781,3,14
900,-78.6990669,35.7302239,80.058,43.252,2022-01-13 14:13:24.537375,3,14
901,-78.6990128,35.7302246,80.094,43.305,2022-01-13 14:13:25.538401,3,14
902,-78.6989588,35.7302257,80.062,43.261,2022-01-13 14:13:26.539571,3,14
903,-78.6989047,35.7302263,80.062,43.284,2022-01-13 14:13:27.539885,3,14
904,-78.6988503,35.7302264,80.046,43.259,2022-01-13 14:13:28.540231,3,14
905,-78.6987958,35.7302268,80.036,43.331,2022-01-13 14:13:29.540474,3,14
906,-78.6987406,35.7302274,80.048,43.29,2022-01-13 14:13:30.541252,3,14
907,-78.6986861,35.7302277,80.029,43.246,2022-01-13 14:13:31.541451,3,14
908,-78.6986309,35.7302279,80.012,43.239,2022-01-13 14:13:32.542612,3,14
909,-78.698576,35.730228,80.025,43.339,2022-01-13 14:13:33.543540,3,14
910,-78.6985215,35.7302279,80.029,43.287,2022-01-13 14:13:34.544623,3,14
911,-78.6984663,35.7302287,80.053,43.362,2022-01-13 14:13:35.544739,3,14
912,-78.6984106,35.7302296,80.008,43.371,2022-01-13 14:13:36.545694,3,14
913,-78.6983555,35.7302295,79.997,43.336,2022-01-13 14:13:37.546086,3,14
914,-78.698301,35.7302296,79.984,43.396,2022-01-13 14:13:38.547079,3,14
915,-78.6982456,35.7302304,79.998,43.4,2022-01-13 14:13:39.548223,3,14
916,-78.69819,35.7302309,80.006,43.365,2022-01-13 14:13:40.548470,3,14
917,-78.6981342,35.7302314,80.001,43.347,2022-01-13 14:13:41.549728,3,14
918,-78.6980786,35.7302311,80.039,43.239,2022-01-13 14:13:42.550154,3,14
919,-78.6980232,35.7302307,80.079,43.255,2022-01-13 14:13:43.550744,3,14
920,-78.697968,35.7302312,80.075,43.316,2022-01-13 14:13:44.551045,3,14
921,-78.6979126,35.7302324,80.056,43.318,2022-01-13 14:13:45.551759,3,14
922,-78.6978569,35.7302331,80.019,43.247,2022-01-13 14:13:46.552119,3,13
923,-78.6978016,35.7302339,80.03,43.325,2022-01-13 14:13:47.552862,3,13
924,-78.697747,35.7302345,80.025,43.279,2022-01-13 14:13:48.553705,3,13
925,-78.6976919,35.7302346,80.048,43.282,2022-01-13 14:13:49.554018,3,14
926,-78.6976372,35.7302346,80.038,43.252,2022-01-13 14:13:50.554705,3,14
927,-78.6975823,35.7302353,80.066,43.321,2022-01-13 14:13:51.555344,3,14
928,-78.6975275,35.7302356,80.047,43.271,2022-01-13 14:13:52.555979,3,14
929,-78.6974725,35.7302358,80.046,43.27,2022-01-13 14:13:53.556938,3,14
930,-78.6974173,35.7302365,80.037,43.275,2022-01-13 14:13:54.557210,3,14
931,-78.6973622,35.7302365,80.049,43.305,2022-01-13 14:13:55.557768,3,14
932,-78.6973067,35.7302375,80.051,43.279,2022-01-13 14:13:56.558833,3,14
933,-78.6972516,35.7302377,80.044,43.298,2022-01-13 14:13:57.558955,3,14
934,-78.6971963,35.7302377,80.035,43.236,2022-01-13 14:13:58.560101,3,14
935,-78.6971408,35.7302376,80.008,43.285,2022-01-13 14:13:59.560509,3,14
936,-78.6970858,35.7302378,80.019,43.279,2022-01-13 14:14:00.561898,3,14
937,-78.6970319,35.7302384,80.02,43.262,2022-01-13 14:14:01.562724,3,14
938,-78.696984,35.7302388,80.014,43.253,2022-01-13 14:14:02.563137,3,14
939,-78.6969456,35.7302399,80.035,43.189,2022-01-13 14:14:03.564110,3,14
940,-78.6969197,35.7302407,80.026,43.269,2022-01-13 14:14:04.565414,3,14
941,-78.6969069,35.7302411,80.035,43.146,2022-01-13 14:14:05.566561,3,14
942,-78.6969041,35.730241,80.009,43.148,2022-01-13 14:14:06.567727,3,14
943,-78.6969038,35.7302404,80.001,43.158,2022-01-13 14:14:07.569864,3,14
944,-78.6969038,35.7302402,80.001,42.98,2022-01-13 14:14:08.570051,3,14
945,-78.6969059,35.73024,80.025,43.082,2022-01-13 14:14:09.570223,3,14
946,-78.6969041,35.7302367,80.044,43.102,2022-01-13 14:14:10.570582,3,14
947,-78.6968992,35.7302251,80.046,43.112,2022-01-13 14:14:11.570831,3,14
948,-78.6968935,35.7302055,80.001,43.155,2022-01-13 14:14:12.571166,3,14
949,-78.6968866,35.730178,79.993,43.167,2022-01-13 14:14:13.571594,3,14
950,-78.6968781,35.7301462,80.009,43.189,2022-01-13 14:14:14.571900,3,14
951,-78.6968679,35.7301116,80.016,43.238,2022-01-13 14:14:15.572831,3,13
952,-78.6968569,35.730075,80.029,43.282,2022-01-13 14:14:16.573952,3,13
953,-78.6968456,35.730037,80.008,43.258,2022-01-13 14:14:17.574084,3,13
954,-78.6968341,35.729998,79.967,43.198,2022-01-13 14:14:18.574672,3,14
955,-78.6968223,35.7299584,79.926,43.157,2022-01-13 14:14:19.576482,3,14
956,-78.6968104,35.7299178,79.965,43.21,2022-01-13 14:14:20.577454,3,14
957,-78.6967985,35.7298765,79.998,43.269,2022-01-13 14:14:21.578458,3,14
958,-78.6967864,35.7298353,79.971,43.237,2022-01-13 14:14:22.579394,3,14
959,-78.6967744,35.7297934,79.965,43.229,2022-01-13 14:14:23.579523,3,14
960,-78.6967623,35.7297509,79.943,43.203,2022-01-13 14:14:24.580315,3,14
961,-78.6967503,35.729708,79.948,43.266,2022-01-13 14:14:25.580478,3,14
962,-78.6967381,35.7296648,79.976,43.216,2022-01-13 14:14:26.580683,3,14
963,-78.6967255,35.729622,79.933,43.204,2022-01-13 14:14:27.581792,3,14
964,-78.6967138,35.7295787,79.954,43.253,2022-01-13 14:14:28.582712,3,14
965,-78.6967021,35.7295351,79.951,43.172,2022-01-13 14:14:29.583795,3,14
966,-78.6966894,35.7294918,79.943,43.23,2022-01-13 14:14:30.584178,3,13
967,-78.6966763,35.7294485,79.938,43.264,2022-01-13 14:14:31.585186,3,14
968,-78.6966628,35.7294053,79.914,43.216,2022-01-13 14:14:32.585640,3,14
969,-78.6966505,35.7293617,79.933,43.239,2022-01-13 14:14:33.586045,3,14
970,-78.6966382,35.7293184,79.906,43.261,2022-01-13 14:14:34.586686,3,14
971,-78.6966262,35.7292748,79.946,43.31,2022-01-13 14:14:35.586993,3,14
972,-78.6966148,35.7292312,79.954,43.275,2022-01-13 14:14:36.587454,3,14
973,-78.6966031,35.7291874,79.958,43.276,2022-01-13 14:14:37.587591,3,14
974,-78.6965906,35.7291433,79.93,43.238,2022-01-13 14:14:38.588236,3,14
975,-78.6965774,35.7290995,79.89,43.177,2022-01-13 14:14:39.588750,3,14
976,-78.6965641,35.7290557,79.913,43.249,2022-01-13 14:14:40.589304,3,14
977,-78.6965517,35.7290118,79.921,43.183,2022-01-13 14:14:41.589935,3,14
978,-78.6965395,35.7289684,79.966,43.364,2022-01-13 14:14:42.590550,3,14
979,-78.6965269,35.7289248,79.925,43.092,2022-01-13 14:14:43.591111,3,14
980,-78.6965139,35.7288816,79.958,43.062,2022-01-13 14:14:44.591827,3,14
981,-78.696501,35.728838,79.988,43.092,2022-01-13 14:14:45.592043,3,14
982,-78.6964886,35.7287939,80.024,43.054,2022-01-13 14:14:46.592893,3,14
983,-78.6964764,35.7287499,79.973,43.033,2022-01-13 14:14:47.593983,3,14
984,-78.6964636,35.7287062,79.945,43.052,2022-01-13 14:14:48.594343,3,14
985,-78.6964508,35.7286627,79.921,43.155,2022-01-13 14:14:49.594586,3,14
986,-78.6964378,35.7286194,79.909,43.097,2022-01-13 14:14:50.595952,3,14
987,-78.6964245,35.7285763,79.871,43.057,2022-01-13 14:14:51.597040,3,14
988,-78.6964129,35.7285339,79.915,43.092,2022-01-13 14:14:52.597285,3,14
989,-78.696401,35.7284907,79.925,43.013,2022-01-13 14:14:53.598559,3,14
990,-78.6963884,35.7284472,79.972,43.026,2022-01-13 14:14:54.598885,3,13
991,-78.6963757,35.7284039,79.97,43.025,2022-01-13 14:14:55.600002,3,13
992,-78.6963634,35.7283601,79.921,43.079,2022-01-13 14:14:56.600915,3,14
993,-78.696351,35.728316,79.924,43.077,2022-01-13 14:14:57.601945,3,14
994,-78.6963384,35.7282721,79.906,43.004,2022-01-13 14:14:58.602366,3,14
995,-78.6963252,35.7282285,79.946,43.023,2022-01-13 14:14:59.603189,3,14
996,-78.6963129,35.7281849,79.992,43.016,2022-01-13 14:15:00.603945,3,14
997,-78.6963003,35.7281413,79.997,42.991,2022-01-13 14:15:01.604298,3,14
998,-78.6962879,35.7280972,80.023,43.006,2022-01-13 14:15:02.605255,3,14
999,-78.6962753,35.7280533,80.012,42.988,2022-01-13 14:15:03.605550,3,14
1000,-78.6962624,35.7280101,79.972,42.941,2022-01-13 14:15:04.605924,3,14
1001,-78.6962503,35.7279665,80.008,42.965,2022-01-13 14:15:05.606716,3,14
1002,-78.6962377,35.7279227,80.03,42.977,2022-01-13 14:15:06.607677,3,14
1003,-78.6962256,35.7278787,80.028,43.074,2022-01-13 14:15:07.608247,3,14
1004,-78.6962136,35.727835,79.967,43.094,2022-01-13 14:15:08.608671,3,14
1005,-78.696201,35.7277914,79.957,43.166,2022-01-13 14:15:09.610180,3,14
1006,-78.6961879,35.7277479,79.966,43.177,2022-01-13 14:15:10.610430,3,14
1007,-78.6961754,35.7277059,79.923,43.154,2022-01-13 14:15:11.610832,3,14
1008,-78.6961647,35.7276679,79.916,43.299,2022-01-13 14:15:12.611000,3,14
1009,-78.6961567,35.727638,79.951,43.099,2022-01-13 14:15:13.612018,3,14
1010,-78.6961502,35.7276191,79.906,42.997,2022-01-13 14:15:14.613336,3,14
1011,-78.6961466,35.7276108,79.883,42.98,2022-01-13 14:15:15.614539,3,14
1012,-78.6961464,35.7276087,79.926,42.933,2022-01-13 14:15:16.615698,3,14
1013,-78.6961475,35.7276078,79.921,42.895,2022-01-13 14:15:17.616375,3,14
1014,-78.6961473,35.7276073,79.878,42.732,2022-01-13 14:15:18.616808,3,14
1015,-78.6961494,35.727607,79.951,42.827,2022-01-13 14:15:19.618724,3,14
1016,-78.6961525,35.727604,80.009,42.815,2022-01-13 14:15:20.619793,3,14
1017,-78.6961595,35.727594,80.056,42.798,2022-01-13 14:15:21.620255,3,14
1018,-78.6961727,35.727578,80.046,42.83,2022-01-13 14:15:22.621257,3,14
1019,-78.696192,35.7275553,80.057,42.833,2022-01-13 14:15:23.622066,3,14
1020,-78.696215,35.7275281,80.037,42.875,2022-01-13 14:15:24.622958,3,14
1021,-78.6962393,35.7274982,79.975,42.964,2022-01-13 14:15:25.623208,3,14
1022,-78.6962656,35.7274671,79.934,42.898,2022-01-13 14:15:26.623510,3,14
1023,-78.6962899,35.727438,79.916,42.93,2022-01-13 14:15:27.623759,3,14
1024,-78.6963085,35.727415,79.89,42.881,2022-01-13 14:15:28.623929,3,14
1025,-78.6963197,35.727401,79.872,42.97,2022-01-13 14:15:29.624826,3,14
1026,-78.6963245,35.7273961,79.383,43.079,2022-01-13 14:15:30.625406,3,14
1027,-78.6963265,35.7273958,77.94,42.847,2022-01-13 14:15:31.626004,3,14
1028,-78.6963262,35.7273962,76.45,42.934,2022-01-13 14:15:32.626216,3,14
1029,-78.6963257,35.727396,75.004,42.898,2022-01-13 14:15:33.626880,3,14
1030,-78.6963255,35.7273957,73.512,42.907,2022-01-13 14:15:34.627310,3,14
1031,-78.6963256,35.7273957,71.991,42.899,2022-01-13 14:15:35.627594,3,14
1032,-78.6963259,35.7273957,70.474,42.96,2022-01-13 14:15:36.628624,3,14
1033,-78.6963258,35.7273952,68.993,42.873,2022-01-13 14:15:37.628824,3,14
1034,-78.6963259,35.727395,67.509,42.888,2022-01-13 14:15:38.630212,3,14
1035,-78.6963259,35.7273954,66.028,42.899,2022-01-13 14:15:39.630717,3,14
1036,-78.696326,35.7273957,64.512,42.933,2022-01-13 14:15:40.631065,3,14
1037,-78.6963264,35.7273961,62.982,42.899,2022-01-13 14:15:41.631413,3,14
1038,-78.6963261,35.7273957,61.506,42.895,2022-01-13 14:15:42.632107,3,14
1039,-78.6963261,35.7273953,60.047,42.89,2022-01-13 14:15:43.633118,3,14
1040,-78.6963261,35.7273954,58.518,42.856,2022-01-13 14:15:44.633565,3,14
1041,-78.6963266,35.7273948,57.047,42.839,2022-01-13 14:15:45.633799,3,14
1042,-78.696327,35.7273948,55.564,42.882,2022-01-13 14:15:46.635945,3,14
1043,-78.6963263,35.7273952,54.056,42.842,2022-01-13 14:15:47.636258,3,14
1044,-78.6963259,35.7273955,52.55,42.837,2022-01-13 14:15:48.636461,3,14
1045,-78.696326,35.7273953,51.062,42.849,2022-01-13 14:15:49.637046,3,14
1046,-78.6963265,35.7273951,49.553,42.804,2022-01-13 14:15:50.637634,3,14
1047,-78.6963264,35.7273949,48.036,42.795,2022-01-13 14:15:51.638940,3,14
1048,-78.6963263,35.7273949,46.519,42.775,2022-01-13 14:15:52.639232,3,14
1049,-78.6963261,35.7273951,45.036,42.818,2022-01-13 14:15:53.640384,3,14
1050,-78.6963254,35.7273957,43.534,42.734,2022-01-13 14:15:54.640792,3,14
1051,-78.6963265,35.7273953,42.051,42.812,2022-01-13 14:15:55.641565,3,14
1052,-78.6963269,35.727395,40.539,42.816,2022-01-13 14:15:56.642243,3,14
1053,-78.696327,35.727395,38.982,42.747,2022-01-13 14:15:57.642817,3,14
1054,-78.6963264,35.7273952,37.516,42.783,2022-01-13 14:15:58.643910,3,14
1055,-78.6963263,35.7273954,36.017,42.747,2022-01-13 14:15:59.644275,3,14
1056,-78.6963264,35.7273949,34.53,42.755,2022-01-13 14:16:00.644941,3,14
1057,-78.6963265,35.7273945,33.058,42.764,2022-01-13 14:16:01.646089,3,14
1058,-78.6963263,35.7273947,31.553,42.712,2022-01-13 14:16:02.647023,3,14
1059,-78.6963264,35.7273953,30.048,42.733,2022-01-13 14:16:03.648144,3,14
1060,-78.6963264,35.7273953,28.563,42.725,2022-01-13 14:16:04.648689,3,14
1061,-78.6963265,35.7273956,27.047,42.744,2022-01-13 14:16:05.648970,3,14
1062,-78.6963267,35.7273954,25.544,42.729,2022-01-13 14:16:06.649952,3,14
1063,-78.6963264,35.7273954,24.001,42.769,2022-01-13 14:16:07.650608,3,14
1064,-78.6963261,35.7273952,22.503,42.783,2022-01-13 14:16:08.650987,3,14
1065,-78.696326,35.7273949,21.039,42.816,2022-01-13 14:16:09.651739,3,14
1066,-78.6963261,35.7273954,19.508,42.743,2022-01-13 14:16:10.653039,3,14
1067,-78.6963262,35.7273953,18.044,42.767,2022-01-13 14:16:11.654518,3,14
1068,-78.6963257,35.7273951,16.504,42.75,2022-01-13 14:16:12.655711,3,14
1069,-78.6963259,35.7273949,14.982,42.75,2022-01-13 14:16:13.656772,3,14
1070,-78.6963267,35.7273943,13.52,42.74,2022-01-13 14:16:14.658082,3,14
1071,-78.6963265,35.7273948,12.029,42.773,2022-01-13 14:16:15.659062,3,14
1072,-78.6963256,35.727395,10.577,42.507,2022-01-13 14:16:16.660465,3,14
1073,-78.6963266,35.7273944,9.821,42.634,2022-01-13 14:16:17.661416,3,14
1074,-78.6963271,35.7273943,9.344,42.737,2022-01-13 14:16:18.662267,3,14
1075,-78.6963261,35.7273953,8.824,42.623,2022-01-13 14:16:19.663108,3,14
1076,-78.6963255,35.7273952,8.347,42.657,2022-01-13 14:16:20.664038,3,14
1077,-78.6963257,35.7273952,7.868,42.585,2022-01-13 14:16:21.665520,3,14
1078,-78.696327,35.7273952,7.348,42.643,2022-01-13 14:16:22.665958,3,14
1079,-78.6963261,35.7273955,6.855,42.686,2022-01-13 14:16:23.667350,3,14
1080,-78.6963261,35.7273954,6.348,42.659,2022-01-13 14:16:24.668359,3,14
1081,-78.6963266,35.7273947,5.799,42.6,2022-01-13 14:16:25.669920,3,14
1082,-78.696326,35.7273949,5.301,42.634,2022-01-13 14:16:26.671549,3,14
1083,-78.6963265,35.7273952,4.812,42.576,2022-01-13 14:16:27.673951,3,14
1084,-78.6963263,35.7273952,4.307,42.626,2022-01-13 14:16:28.675220,3,14
1085,-78.6963259,35.7273953,3.774,42.482,2022-01-13 14:16:29.676093,3,14
1086,-78.6963248,35.7273947,3.296,42.651,2022-01-13 14:16:30.677569,3,14
1087,-78.6963246,35.7273946,3.094,43.794,2022-01-13 14:16:31.678443,3,14
1088,-78.6963249,35.7273944,3.004,43.707,2022-01-13 14:16:32.679900,3,14
1089,-78.6963252,35.7273942,2.917,43.958,2022-01-13 14:16:33.680612,3,14
